0.00E+00	0
2.50E-04	5.06473E-05
5.00E-04	0.001890179
7.50E-04	0.013341489
1.00E-03	0.03687924
1.25E-03	0.025659598
1.50E-03	-0.106784993
1.75E-03	-0.350978717
2.00E-03	-0.545492207
2.25E-03	-0.549867951
2.50E-03	-0.378560147
2.75E-03	-0.133291906
3.00E-03	0.100913987
3.25E-03	0.301635078
3.50E-03	0.485228626
3.75E-03	0.650212314
4.00E-03	0.770221635
4.25E-03	0.820193154
4.50E-03	0.788087101
4.75E-03	0.669437108
5.00E-03	0.47088447
5.25E-03	0.241254984
5.50E-03	0.064898245
5.75E-03	-0.009276449
6.00E-03	-0.001561869
6.25E-03	0.038816607
6.50E-03	0.078646885
6.75E-03	0.111730361
7.00E-03	0.140088551
7.25E-03	0.154969965
7.50E-03	0.141965719
7.75E-03	0.093275853
8.00E-03	0.011498628
8.25E-03	-0.093081663
8.50E-03	-0.206572679
8.75E-03	-0.310431878
9.00E-03	-0.379919476
9.25E-03	-0.391952773
9.50E-03	-0.337754389
9.75E-03	-0.227745844
1.00E-02	-0.086077883
1.03E-02	0.058607141
1.05E-02	0.180855471
1.08E-02	0.263289058
1.10E-02	0.298463311
1.13E-02	0.287983533
1.15E-02	0.240407022
1.18E-02	0.169631298
1.20E-02	0.093489462
1.23E-02	0.030878126
1.25E-02	-0.003507781
1.28E-02	-0.004839534
1.30E-02	0.019239682
1.33E-02	0.051200741
1.35E-02	0.070238465
1.38E-02	0.059449278
1.40E-02	0.010341904
1.43E-02	-0.076154782
1.45E-02	-0.191283465
1.48E-02	-0.321002278
1.50E-02	-0.448610895
1.53E-02	-0.557337787
1.55E-02	-0.632851743
1.58E-02	-0.665747501
1.60E-02	-0.653319352
1.63E-02	-0.599884781
1.65E-02	-0.515651701
1.68E-02	-0.413909171
1.70E-02	-0.307998032
1.73E-02	-0.208728186
1.75E-02	-0.122961007
1.78E-02	-0.0533077
1.80E-02	0.001380949
1.83E-02	0.045098001
1.85E-02	0.083553415
1.88E-02	0.12283802
1.90E-02	0.167980685
1.93E-02	0.221570607
1.95E-02	0.282785718
1.98E-02	0.347185542
2.00E-02	0.407371446
2.03E-02	0.454585469
2.05E-02	0.480710476
2.08E-02	0.480276785
2.10E-02	0.451873285
2.13E-02	0.398600539
2.15E-02	0.327475273
2.18E-02	0.248071048
2.20E-02	0.170556936
2.23E-02	0.103826834
2.25E-02	0.053872145
2.28E-02	0.022903397
2.30E-02	0.009251204
2.33E-02	0.008132023
2.35E-02	0.013051499
2.38E-02	0.01752887
2.40E-02	0.01668738
2.43E-02	0.008335923
2.45E-02	-0.006702786
2.48E-02	-0.025053079
2.50E-02	-0.041827844
2.53E-02	-0.051968438
2.55E-02	-0.051520506
2.58E-02	-0.038585521
2.60E-02	-0.01377518
2.63E-02	0.019890865
2.65E-02	0.057581171
2.68E-02	0.09359303
2.70E-02	0.122436694
2.73E-02	0.139836104
2.75E-02	0.143435089
2.78E-02	0.133104189
2.80E-02	0.110778831
2.83E-02	0.07995443
2.85E-02	0.04489216
2.88E-02	0.009777458
2.90E-02	-0.022048314
2.93E-02	-0.048641318
2.95E-02	-0.069701207
2.98E-02	-0.086472736
3.00E-02	-0.101347677
3.03E-02	-0.117232406
3.05E-02	-0.136806742
3.08E-02	-0.161824867
3.10E-02	-0.192681632
3.13E-02	-0.228186008
3.15E-02	-0.265755269
3.18E-02	-0.301874579
3.20E-02	-0.332737818
3.23E-02	-0.354991973
3.25E-02	-0.366248511
3.28E-02	-0.365491171
3.30E-02	-0.353101859
3.33E-02	-0.330608203
3.35E-02	-0.300243385
3.38E-02	-0.26439594
3.40E-02	-0.22509839
3.43E-02	-0.183690643
3.45E-02	-0.140684066
3.48E-02	-0.095897416
3.50E-02	-0.048785666
3.53E-02	0.00115051
3.55E-02	0.053943348
3.58E-02	0.108862824
3.60E-02	0.164297551
3.63E-02	0.217868054
3.65E-02	0.266706799
3.68E-02	0.307868572
3.70E-02	0.338796541
3.73E-02	0.357684739
3.75E-02	0.363769354
3.78E-02	0.357393455
3.80E-02	0.339929315
3.83E-02	0.313487132
3.85E-02	0.280604319
3.88E-02	0.243844182
3.90E-02	0.20547227
3.93E-02	0.167249236
3.95E-02	0.130346694
3.98E-02	0.095373103
4.00E-02	0.062586091
4.03E-02	0.032094402
4.05E-02	0.004097276
4.08E-02	-0.020931723
4.10E-02	-0.042170913
4.13E-02	-0.058491274
4.15E-02	-0.068620216
4.18E-02	-0.071377712
4.20E-02	-0.065979235
4.23E-02	-0.052256486
4.25E-02	-0.030840583
4.28E-02	-0.003207563
4.30E-02	0.028428098
4.33E-02	0.061335508
4.35E-02	0.09257677
4.38E-02	0.119355549
4.40E-02	0.139318264
4.43E-02	0.150814303
4.45E-02	0.152976283
4.48E-02	0.145733002
4.50E-02	0.129686448
4.53E-02	0.105924085
4.55E-02	0.075779349
4.58E-02	0.040667884
4.60E-02	0.001896134
4.63E-02	-0.03937199
4.65E-02	-0.082122883
4.68E-02	-0.125440164
4.70E-02	-0.16838201
4.73E-02	-0.209938636
4.75E-02	-0.248938429
4.78E-02	-0.284073844
4.80E-02	-0.31395966
4.83E-02	-0.337243022
4.85E-02	-0.352732898
4.88E-02	-0.359542489
4.90E-02	-0.357225157
4.93E-02	-0.345813267
4.95E-02	-0.325818187
4.98E-02	-0.298204391
5.00E-02	-0.264253534
5.03E-02	-0.225415566
5.05E-02	-0.183218114
5.08E-02	-0.139065817
5.10E-02	-0.094233856
5.13E-02	-0.049768267
5.15E-02	-0.006511185
5.18E-02	0.034848014
5.20E-02	0.073720936
5.23E-02	0.109561908
5.25E-02	0.141829786
5.28E-02	0.169954948
5.30E-02	0.193393662
5.33E-02	0.211673399
5.35E-02	0.22445109
5.38E-02	0.231590803
5.40E-02	0.233215525
5.43E-02	0.229726581
5.45E-02	0.221764797
5.48E-02	0.210191083
5.50E-02	0.195956968
5.53E-02	0.180046347
5.55E-02	0.16334602
5.58E-02	0.14659391
5.60E-02	0.130320802
5.63E-02	0.114889182
5.65E-02	0.10046735
5.68E-02	0.0871524
5.70E-02	0.074957278
5.73E-02	0.063948656
5.75E-02	0.054228807
5.78E-02	0.045976387
5.80E-02	0.039419243
5.83E-02	0.034798172
5.85E-02	0.032305422
5.88E-02	0.032032261
5.90E-02	0.03391655
5.93E-02	0.037717493
5.95E-02	0.043012402
5.98E-02	0.049220004
6.00E-02	0.05564963
6.03E-02	0.061556237
6.05E-02	0.066205789
6.08E-02	0.068917974
6.10E-02	0.069138056
6.13E-02	0.066419398
6.15E-02	0.060457123
6.18E-02	0.051073223
6.20E-02	0.038200378
6.23E-02	0.021867071
6.25E-02	0.002192209
6.28E-02	-0.020615193
6.30E-02	-0.046245016
6.33E-02	-0.074271141
6.35E-02	-0.104118119
6.38E-02	-0.135084926
6.40E-02	-0.166297706
6.43E-02	-0.196772565
6.45E-02	-0.225415566
6.48E-02	-0.251106882
6.50E-02	-0.272759049
6.53E-02	-0.2893817
6.55E-02	-0.300139817
6.58E-02	-0.304437885
6.60E-02	-0.30191989
6.63E-02	-0.292508156
6.65E-02	-0.276377453
6.68E-02	-0.253948527
6.70E-02	-0.225842784
6.73E-02	-0.192856403
6.75E-02	-0.155895604
6.78E-02	-0.115970172
6.80E-02	-0.074128735
6.83E-02	-0.031468464
6.85E-02	0.010898581
6.88E-02	0.051875874
6.90E-02	0.090395371
6.93E-02	0.12545311
6.95E-02	0.156141577
6.98E-02	0.18169696
7.00E-02	0.201536689
7.03E-02	0.21528533
7.05E-02	0.222813422
7.08E-02	0.2242569
7.10E-02	0.21999767
7.13E-02	0.210650665
7.15E-02	0.197025012
7.18E-02	0.180091658
7.20E-02	0.160892755
7.23E-02	0.140509295
7.25E-02	0.119996375
7.28E-02	0.100318471
7.30E-02	0.082336492
7.33E-02	0.066755994
7.35E-02	0.0540987
7.38E-02	0.044726451
7.40E-02	0.038810134
7.43E-02	0.03634457
7.45E-02	0.037156284
7.48E-02	0.040915799
7.50E-02	0.047150588
7.53E-02	0.055273549
7.55E-02	0.064597898
7.58E-02	0.074374709
7.60E-02	0.083825281
7.63E-02	0.092181917
7.65E-02	0.098700223
7.68E-02	0.102745844
7.70E-02	0.10377505
7.73E-02	0.101386515
7.75E-02	0.095327792
7.78E-02	0.085521206
7.80E-02	0.072018539
7.83E-02	0.055029517
7.85E-02	0.034896562
7.88E-02	0.012059836
7.90E-02	-0.01295311
7.93E-02	-0.039548703
7.95E-02	-0.067086117
7.98E-02	-0.094900575
8.00E-02	-0.122313707
8.03E-02	-0.14864585
8.05E-02	-0.173236756
8.08E-02	-0.19546502
8.10E-02	-0.214748071
8.13E-02	-0.230587489
8.15E-02	-0.242556056
8.18E-02	-0.250349542
8.20E-02	-0.253754337
8.23E-02	-0.252699239
8.25E-02	-0.247223085
8.28E-02	-0.237487701
8.30E-02	-0.223771426
8.33E-02	-0.206430273
8.35E-02	-0.185897934
8.38E-02	-0.162672829
8.40E-02	-0.137279271
8.43E-02	-0.110267464
8.45E-02	-0.08218114
8.48E-02	-0.053585392
8.50E-02	-0.025009062
8.53E-02	0.003024636
8.55E-02	0.030016571
8.58E-02	0.055495572
8.60E-02	0.079028792
8.63E-02	0.100221376
8.65E-02	0.118740614
8.68E-02	0.134314639
8.70E-02	0.146749262
8.73E-02	0.155934442
8.75E-02	0.161857232
8.78E-02	0.164595308
8.80E-02	0.164310497
8.83E-02	0.161268189
8.85E-02	0.155804982
8.88E-02	0.1483222
8.90E-02	0.13926648
8.93E-02	0.129123298
8.95E-02	0.118391072
8.98E-02	0.107561752
9.00E-02	0.097114339
9.03E-02	0.087463104
9.05E-02	0.078996427
9.08E-02	0.072012066
9.10E-02	0.066723629
9.13E-02	0.063248278
9.15E-02	0.061607374
9.18E-02	0.061703822
9.20E-02	0.0633389
9.23E-02	0.066218735
9.25E-02	0.06994718
9.28E-02	0.074076951
9.30E-02	0.078090208
9.33E-02	0.081456165
9.35E-02	0.083644037
9.38E-02	0.084142458
9.40E-02	0.082485371
9.43E-02	0.078297343
9.45E-02	0.07128709
9.48E-02	0.061268836
9.50E-02	0.04818303
9.53E-02	0.032095697
9.55E-02	0.013197142
9.58E-02	-0.0081974
9.60E-02	-0.031656828
9.63E-02	-0.056651002
9.65E-02	-0.082563047
9.68E-02	-0.108707472
9.70E-02	-0.134353477
9.73E-02	-0.158776086
9.75E-02	-0.181230905
9.78E-02	-0.201031795
9.80E-02	-0.217544405
9.83E-02	-0.23024442
9.85E-02	-0.238698151
9.88E-02	-0.242614313
9.90E-02	-0.241844027
9.93E-02	-0.236387292
9.95E-02	-0.226373569
9.98E-02	-0.212100616
0.1	-0.193982704
0.10025	-0.1725312
0.1005	-0.148373984
0.10075	-0.122184247
0.101	-0.094680493
0.10125	-0.066587696
0.1015	-0.038626301
0.10175	-0.011474678
0.102	0.014251592
0.10225	0.03801525
0.1025	0.059374838
0.10275	0.077993113
0.103	0.09365776
0.10325	0.106247734
0.1035	0.11576951
0.10375	0.122346072
0.104	0.126171612
0.10425	0.127530941
0.1045	0.126780074
0.10475	0.124300917
0.105	0.120520688
0.10525	0.115860132
0.1055	0.110720574
0.10575	0.105483921
0.106	0.100493242
0.10625	0.096020403
0.1065	0.092291958
0.10675	0.089450313
0.107	0.087579618
0.10725	0.086692818
0.1075	0.086725183
0.10775	0.087566672
0.108	0.089036042
0.10825	0.090932629
0.1085	0.092984568
0.10875	0.094926467
0.109	0.096460567
0.10925	0.09728911
0.1095	0.097127285
0.10975	0.095716172
0.11	0.092816271
0.11025	0.08823339
0.1105	0.081825126
0.11075	0.073500854
0.111	0.063230154
0.11125	0.051038268
0.1115	0.037015173
0.11175	0.021311688
0.112	0.004131518
0.11225	-0.014271011
0.1125	-0.033596137
0.11275	-0.053505127
0.113	-0.073630314
0.11325	-0.093580084
0.1135	-0.112966703
0.11375	-0.131369427
0.114	-0.148406349
0.11425	-0.163695562
0.1145	-0.176881052
0.11475	-0.187652115
0.115	-0.195736886
0.11525	-0.200915281
0.1155	-0.203044897
0.11575	-0.202022164
0.116	-0.197834136
0.11625	-0.190545544
0.1165	-0.180285847
0.11675	-0.167242763
0.117	-0.151701103
0.11725	-0.133984517
0.1175	-0.114481384
0.11775	-0.093618922
0.118	-0.071856714
0.11825	-0.049670525
0.1185	-0.027540003
0.11875	-0.005929975
0.119	0.014720237
0.11925	0.034010409
0.1195	0.051594946
0.11975	0.067196158
0.12	0.08060173
0.12025	0.091689969
0.1205	0.10040262
0.12075	0.106784993
0.121	0.110940656
0.12125	0.113057325
0.1215	0.113374502
0.12175	0.112176998
0.122	0.109794936
0.12225	0.106564911
0.1225	0.102849412
0.12275	0.098972088
0.123	0.095243644
0.12325	0.09192947
0.1235	0.089262596
0.12375	0.087378955
0.124	0.086382114
0.12425	0.086278546
0.1245	0.087016467
0.12475	0.088472891
0.125	0.0904601
0.12525	0.092732122
0.1255	0.095010616
0.12575	0.096971933
0.126	0.098285951
0.12625	0.098616074
0.1265	0.097658071
0.12675	0.095120657
0.127	0.090770804
0.12725	0.084414323
0.1275	0.075954119
0.12775	0.065344881
0.128	0.052622857
0.12825	0.037917508
0.1285	0.021425612
0.12875	0.003419554
0.129	-0.015766273
0.12925	-0.035743877
0.1295	-0.056087851
0.12975	-0.076342499
0.13	-0.096052768
0.13025	-0.114753249
0.1305	-0.132016726
0.13075	-0.147441873
0.131	-0.160672674
0.13125	-0.171417845
0.1315	-0.179450831
0.13175	-0.184616281
0.132	-0.186830045
0.13225	-0.186092124
0.1325	-0.182480193
0.13275	-0.176123712
0.133	-0.16723629
0.13325	-0.156070374
0.1335	-0.142936668
0.13375	-0.128158821
0.134	-0.112105795
0.13425	-0.095140076
0.1345	-0.077630625
0.13475	-0.059941225
0.135	-0.042403941
0.13525	-0.025326886
0.1355	-0.008982575
0.13575	0.006397973
0.136	0.020630081
0.13625	0.033575423
0.1365	0.045143959
0.13675	0.05529232
0.137	0.064021154
0.13725	0.071371239
0.1375	0.077417016
0.13775	0.082271762
0.138	0.086058464
0.13825	0.088932474
0.1385	0.09104267
0.13875	0.092550878
0.139	0.093618922
0.13925	0.094376262
0.1395	0.094971778
0.13975	0.09549609
0.14	0.096046295
0.14025	0.096667702
0.1405	0.097392678
0.14075	0.098208275
0.141	0.099088602
0.14125	0.09996893
0.1415	0.100745689
0.14175	0.101315313
0.142	0.101528921
0.14225	0.101250583
0.1425	0.100318471
0.14275	0.09856429
0.143	0.095839159
0.14325	0.092000673
0.1435	0.086919372
0.14375	0.080498162
0.144	0.072652892
0.14425	0.06336285
0.1445	0.052625447
0.14475	0.040489876
0.145	0.02704935
0.14525	0.012440448
0.1455	-0.003155132
0.14575	-0.019514784
0.146	-0.036377583
0.14625	-0.053456579
0.1465	-0.070439128
0.14675	-0.086990575
0.147	-0.102791155
0.14725	-0.117497799
0.1475	-0.130799803
0.14775	-0.142405883
0.148	-0.152063591
0.14825	-0.159552846
0.1485	-0.164705349
0.14875	-0.167411061
0.149	-0.16762467
0.14925	-0.165346176
0.1495	-0.160653255
0.14975	-0.15366242
0.15	-0.144567863
0.15025	-0.133596137
0.1505	-0.121019108
0.15075	-0.107141008
0.151	-0.092279012
0.15125	-0.07677619
0.1515	-0.060967195
0.15175	-0.045172441
0.152	-0.029694863
0.15225	-0.01480827
0.1525	-0.000750155
0.15275	0.012290922
0.153	0.024170162
0.15325	0.034792346
0.1535	0.044115401
0.15375	0.052145798
0.154	0.058932085
0.15425	0.064565533
0.1545	0.069170421
0.15475	0.07288592
0.155	0.075889389
0.15525	0.078342654
0.1555	0.080414013
0.15575	0.082265289
0.156	0.084025944
0.15625	0.085818963
0.1565	0.087722024
0.15675	0.089780436
0.157	0.092007146
0.15725	0.094363316
0.1575	0.096790689
0.15775	0.09919217
0.158	0.101438299
0.15825	0.103373725
0.1585	0.104836622
0.15875	0.105645746
0.159	0.1056328
0.15925	0.104623013
0.1595	0.102461033
0.15975	0.099023872
0.16	0.094207964
0.16025	0.087942106
0.1605	0.080200404
0.16075	0.071002278
0.161	0.060389804
0.16125	0.048465253
0.1615	0.035365206
0.16175	0.021261846
0.162	0.006359653
0.16225	-0.009108798
0.1625	-0.024889312
0.16275	-0.040714489
0.163	-0.05631117
0.16325	-0.071403604
0.1635	-0.085728341
0.16375	-0.099030345
0.164	-0.111083061
0.16425	-0.121672881
0.1645	-0.130625032
0.16475	-0.137803583
0.165	-0.143104966
0.16525	-0.14646445
0.1655	-0.147862617
0.16575	-0.147318886
0.166	-0.14488504
0.16625	-0.140651701
0.1665	-0.134741857
0.16675	-0.127310859
0.167	-0.118527005
0.16725	-0.108590959
0.1675	-0.097703381
0.16775	-0.086090829
0.168	-0.073953964
0.16825	-0.061519989
0.1685	-0.048988271
0.16875	-0.036549117
0.169	-0.024376003
0.16925	-0.012620398
0.1695	-0.001411242
0.16975	0.009150225
0.17	0.018990472
0.17025	0.028061726
0.1705	0.036340039
0.17075	0.043830589
0.171	0.050559267
0.17125	0.056573973
0.1715	0.061936202
0.17175	0.066710683
0.172	0.070989333
0.17225	0.074847237
0.1725	0.0783556
0.17275	0.081598571
0.173	0.084621459
0.17325	0.08747605
0.1735	0.090194708
0.17375	0.092764487
0.174	0.095185387
0.17425	0.097405624
0.1745	0.099373414
0.17475	0.101004609
0.175	0.102202113
0.17525	0.102862358
0.1755	0.102855885
0.17575	0.102072653
0.176	0.100389674
0.17625	0.097696908
0.1765	0.093897261
0.17675	0.088913055
0.177	0.082686034
0.17725	0.075196779
0.1775	0.066451763
0.17775	0.056493708
0.178	0.045391875
0.17825	0.033258894
0.1785	0.020239112
0.17875	0.006507949
0.179	-0.007733287
0.17925	-0.022261276
0.1795	-0.036836518
0.17975	-0.051208508
0.18	-0.065124799
0.18025	-0.078336181
0.1805	-0.090608979
0.18075	-0.101723111
0.181	-0.111484387
0.18125	-0.119730982
0.1815	-0.126333437
0.18175	-0.131194656
0.182	-0.134262855
0.18225	-0.135518616
0.1825	-0.135000777
0.18275	-0.132767594
0.183	-0.128922635
0.18325	-0.123582414
0.1835	-0.11691523
0.18375	-0.109089379
0.184	-0.100292579
0.18425	-0.090731966
0.1845	-0.080595257
0.18475	-0.070089586
0.185	-0.059380664
0.18525	-0.048652323
0.1855	-0.038051499
0.18575	-0.027705712
0.186	-0.01772047
0.18625	-0.008176687
0.1865	0.000872819
0.18675	0.009396846
0.187	0.017386464
0.18725	0.024855005
0.1875	0.031827715
0.18775	0.038344079
0.188	0.044451349
0.18825	0.050200016
0.1885	0.055641215
0.18875	0.060821552
0.189	0.065778572
0.18925	0.070542696
0.1895	0.075125576
0.18975	0.079527212
0.19	0.083728186
0.19025	0.087702605
0.1905	0.091392212
0.19075	0.09473875
0.191	0.097671017
0.19125	0.10009839
0.1915	0.101930247
0.19175	0.103075967
0.192	0.103438455
0.19225	0.102933561
0.1925	0.101477137
0.19275	0.09899798
0.193	0.095444306
0.19325	0.090777277
0.1935	0.084983947
0.19375	0.078077262
0.194	0.070070167
0.19425	0.061033219
0.1945	0.051035032
0.19475	0.040179172
0.195	0.028587334
0.19525	0.016402568
0.1955	0.003785084
0.19575	-0.009094558
0.196	-0.022053493
0.19625	-0.03490174
0.1965	-0.047447698
0.19675	-0.059505593
0.197	-0.070892238
0.19725	-0.081436746
0.1975	-0.090990886
0.19775	-0.099405779
0.198	-0.106571384
0.19825	-0.112390606
0.1985	-0.116798716
0.19875	-0.119763347
0.199	-0.121258609
0.19925	-0.121310393
0.1995	-0.119951064
0.19975	-0.117251825
0.2	-0.113296826
0.20025	-0.108189633
0.2005	-0.102059707
0.20075	-0.095042981
0.201	-0.087275387
0.20125	-0.078912278
0.2015	-0.070089586
0.20175	-0.060963311
0.202	-0.051662912
0.20225	-0.042313966
0.2025	-0.033027808
0.20275	-0.023901533
0.203	-0.015014111
0.20325	-0.00642503
0.2035	0.00182053
0.20375	0.009696546
0.204	0.017194863
0.20425	0.024317746
0.2045	0.031078142
0.20475	0.037498705
0.205	0.043608565
0.20525	0.049434908
0.2055	0.055006861
0.20575	0.060348377
0.206	0.065467868
0.20625	0.070380871
0.2065	0.075067319
0.20675	0.079520739
0.207	0.083702294
0.20725	0.087560199
0.2075	0.091036197
0.20775	0.094065558
0.208	0.096564134
0.20825	0.098447776
0.2085	0.099625861
0.20875	0.100007768
0.209	0.099528766
0.20925	0.098091761
0.2095	0.095651442
0.20975	0.092156025
0.21	0.087586091
0.21025	0.081915748
0.2105	0.07517736
0.21075	0.067403293
0.211	0.058652452
0.21125	0.049015458
0.2115	0.038601056
0.21175	0.027538709
0.212	0.015968878
0.21225	0.004052677
0.2125	-0.008034928
0.21275	-0.020122599
0.213	-0.032031614
0.21325	-0.04358332
0.2135	-0.05460942
0.21375	-0.064950028
0.214	-0.074465331
0.21425	-0.083016157
0.2145	-0.090505411
0.21475	-0.096842473
0.215	-0.101969085
0.21525	-0.105839936
0.2155	-0.10844208
0.21575	-0.109788463
0.216	-0.109904976
0.21625	-0.108836932
0.2165	-0.106655533
0.21675	-0.103444928
0.217	-0.099289265
0.21725	-0.094305059
0.2175	-0.088589405
0.21775	-0.082252343
0.218	-0.075410388
0.21825	-0.068154161
0.2185	-0.060598881
0.21875	-0.052828051
0.219	-0.044929056
0.21925	-0.036973098
0.2195	-0.029021672
0.21975	-0.021129149
0.22	-0.013334369
0.22025	-0.005667948
0.2205	0.001847846
0.22075	0.009196184
0.221	0.01636632
0.22125	0.023353917
0.2215	0.030153798
0.22175	0.036763373
0.222	0.043176169
0.22225	0.049382476
0.2225	0.055368054
0.22275	0.061114132
0.223	0.066594169
0.22325	0.071772565
0.2235	0.076614365
0.22375	0.081061312
0.224	0.085061623
0.22425	0.088563513
0.2245	0.09149578
0.22475	0.093800166
0.225	0.095405468
0.22525	0.096253431
0.2255	0.096285796
0.22575	0.095450779
0.226	0.093696598
0.22625	0.090997359
0.2265	0.087333644
0.22675	0.082711926
0.227	0.077125731
0.22725	0.070613899
0.2275	0.063223034
0.22775	0.055013334
0.228	0.046063125
0.22825	0.036474678
0.2285	0.026355445
0.22875	0.015829061
0.229	0.005032171
0.22925	-0.005897222
0.2295	-0.016812309
0.22975	-0.0275646
0.23	-0.038009425
0.23025	-0.048005023
0.2305	-0.05741611
0.23075	-0.066121641
0.231	-0.074005748
0.23125	-0.080990109
0.2315	-0.086977629
0.23175	-0.091922997
0.232	-0.095780902
0.23225	-0.098531925
0.2325	-0.100182538
0.23275	-0.100752162
0.233	-0.100266687
0.23325	-0.098777899
0.2335	-0.096363472
0.23375	-0.093081663
0.234	-0.089023096
0.23425	-0.084278391
0.2345	-0.078931697
0.23475	-0.073086583
0.235	-0.066814251
0.23525	-0.060218269
0.2355	-0.053366605
0.23575	-0.046332401
0.236	-0.039179095
0.23625	-0.031961058
0.2365	-0.024718425
0.23675	-0.017490032
0.237	-0.01030436
0.23725	-0.003180376
0.2375	0.00386509
0.23775	0.010820905
0.238	0.01767969
0.23825	0.024430376
0.2385	0.031056781
0.23875	0.037546606
0.239	0.043884962
0.23925	0.050045311
0.2395	0.055991404
0.23975	0.061688286
0.24	0.06709259
0.24025	0.072141526
0.2405	0.076795609
0.24075	0.080977163
0.241	0.084627932
0.24125	0.08767024
0.2415	0.090052302
0.24175	0.091702915
0.242	0.092563824
0.24225	0.092589716
0.2425	0.091728807
0.24275	0.089955207
0.243	0.087249495
0.24325	0.083605199
0.2435	0.079041738
0.24375	0.07357853
0.244	0.067260888
0.24425	0.060144477
0.2445	0.052305681
0.24475	0.043828
0.245	0.034810471
0.24525	0.025363782
0.2455	0.015603801
0.24575	0.005654679
0.246	-0.004358397
0.24625	-0.014308555
0.2465	-0.024065947
0.24675	-0.033511341
0.247	-0.042533401
0.24725	-0.051020791
0.2475	-0.058873181
0.24775	-0.0660116
0.248	-0.07236808
0.24825	-0.077870126
0.2485	-0.082491844
0.24875	-0.08620087
0.249	-0.088971312
0.24925	-0.090816115
0.2495	-0.091754699
0.24975	-0.091793537
0.25	-0.090971467
0.25025	-0.089346745
0.2505	-0.086964683
0.25075	-0.083883538
0.251	-0.080161566
0.25125	-0.07586997
0.2515	-0.071060535
0.25175	-0.065810937
0.252	-0.060181373
0.25225	-0.054223629
0.2525	-0.047995314
0.25275	-0.041550153
0.253	-0.034933458
0.25325	-0.028183419
0.2535	-0.021338227
0.25375	-0.014433484
0.254	-0.00749767
0.25425	-0.000553959
0.2545	0.00636755
0.25475	0.013239216
0.255	0.020043628
0.25525	0.02674965
0.2555	0.033328802
0.25575	0.039751308
0.256	0.045975092
0.25625	0.051962612
0.2565	0.057672441
0.25675	0.063055383
0.257	0.068057066
0.25725	0.072627
0.2575	0.07671146
0.25775	0.080239242
0.258	0.083165035
0.25825	0.085430584
0.2585	0.086984102
0.25875	0.087780281
0.259	0.087767335
0.25925	0.086932318
0.2595	0.085242867
0.25975	0.082686034
0.26	0.079274766
0.26025	0.075009062
0.2605	0.069927761
0.26075	0.064065817
0.261	0.057482135
0.26125	0.050242737
0.2615	0.042427244
0.26175	0.034122391
0.262	0.02542916
0.26225	0.016453705
0.2625	0.007304127
0.26275	-0.001903319
0.263	-0.011059111
0.26325	-0.020050101
0.2635	-0.028765341
0.26375	-0.037103853
0.264	-0.044968541
0.26425	-0.0522772
0.2645	-0.05895733
0.26475	-0.064943555
0.265	-0.070180208
0.26525	-0.074633629
0.2655	-0.078277924
0.26575	-0.08110015
0.266	-0.083100306
0.26625	-0.084291337
0.2665	-0.084699135
0.26675	-0.084336648
0.267	-0.083255657
0.26725	-0.08148853
0.2675	-0.079080576
0.26775	-0.076083579
0.268	-0.072555797
0.26825	-0.068529595
0.2685	-0.064067759
0.26875	-0.059213661
0.269	-0.054013904
0.26925	-0.048507975
0.2695	-0.042734063
0.26975	-0.036730361
0.27	-0.030533116
0.27025	-0.024171457
0.2705	-0.017675159
0.27075	-0.011070115
0.271	-0.004389273
0.27125	0.002336686
0.2715	0.009080964
0.27175	0.015804464
0.272	0.022472296
0.27225	0.029049505
0.2725	0.035492077
0.27275	0.041751463
0.273	0.04778041
0.27325	0.05352584
0.2735	0.058930791
0.27375	0.063941536
0.274	0.06849723
0.27425	0.072549324
0.2745	0.076031795
0.27475	0.078892859
0.275	0.081087204
0.27525	0.08256952
0.2755	0.083300968
0.27575	0.08326213
0.276	0.082420641
0.27625	0.0807765
0.2765	0.078316762
0.27675	0.075067319
0.277	0.071034643
0.27725	0.066264046
0.2775	0.060804723
0.27775	0.054699394
0.278	0.048017969
0.27825	0.04083424
0.2785	0.033223292
0.27875	0.025277691
0.279	0.017090001
0.27925	0.00875602
0.2795	0.000371977
0.27975	-0.007969551
0.28	-0.016172777
0.28025	-0.024146859
0.2805	-0.031801823
0.28075	-0.039061286
0.281	-0.045854047
0.28125	-0.052111491
0.2815	-0.057779892
0.28175	-0.062812646
0.282	-0.067176739
0.28225	-0.070846927
0.2825	-0.073805085
0.28275	-0.076044741
0.283	-0.077565895
0.28325	-0.078387965
0.2835	-0.078510952
0.28375	-0.077967221
0.284	-0.076789136
0.28425	-0.075002589
0.2845	-0.072652892
0.28475	-0.069765937
0.285	-0.06638056
0.28525	-0.062538838
0.2855	-0.058283491
0.28575	-0.053649474
0.286	-0.048671741
0.28625	-0.043389131
0.2865	-0.037834654
0.28675	-0.032040676
0.287	-0.026039563
0.28725	-0.019866268
0.2875	-0.013551214
0.28775	-0.007127414
0.288	-0.000627304
0.28825	0.005911333
0.2885	0.012450805
0.28875	0.018952281
0.289	0.025374786
0.28925	0.031672363
0.2895	0.037793874
0.28975	0.043691419
0.29	0.049313863
0.29025	0.054602947
0.2905	0.059503003
0.29075	0.063962249
0.291	0.067927606
0.29125	0.071338874
0.2915	0.074154627
0.29175	0.076329553
0.292	0.077824815
0.29225	0.078601574
0.2925	0.078633939
0.29275	0.07792191
0.293	0.076446067
0.29325	0.074206411
0.2935	0.071228833
0.29375	0.06752628
0.294	0.06313759
0.29425	0.058102895
0.2945	0.05247851
0.29475	0.046327223
0.295	0.039715059
0.29525	0.03271322
0.2955	0.025406504
0.29575	0.017879059
0.296	0.01021568
0.29625	0.002504078
0.2965	-0.005174641
0.29675	-0.012737559
0.297	-0.020099296
0.29725	-0.02718593
0.2975	-0.033930143
0.29775	-0.040271736
0.298	-0.046149215
0.29825	-0.051516623
0.2985	-0.056337062
0.29875	-0.060575579
0.299	-0.064209518
0.29925	-0.06722205
0.2995	-0.069604112
0.29975	-0.07135182
0.3	-0.072471648
0.30025	-0.072976542
0.3005	-0.072872974
0.30075	-0.072186837
0.301	-0.070931076
0.30125	-0.069138056
0.3015	-0.066827197
0.30175	-0.064025685
0.302	-0.060767179
0.30225	-0.057076925
0.3025	-0.052985992
0.30275	-0.048524157
0.303	-0.043719253
0.30325	-0.038603646
0.3035	-0.033210994
0.30375	-0.027571073
0.304	-0.021718192
0.30425	-0.015686008
0.3045	-0.009509476
0.30475	-0.003229118
0.305	0.003114676
0.30525	0.009478406
0.3055	0.015816115
0.30575	0.022083916
0.306	0.028230672
0.30625	0.034205246
0.3065	0.039957149
0.30675	0.045430713
0.307	0.050570918
0.30725	0.055326627
0.3075	0.059645409
0.30775	0.063478717
0.308	0.066781886
0.30825	0.069500544
0.3085	0.07161074
0.30875	0.073073637
0.309	0.073863342
0.30925	0.073960437
0.3095	0.073358449
0.30975	0.072044431
0.31	0.070037802
0.31025	0.067345037
0.3105	0.063995909
0.31075	0.06001437
0.311	0.055441847
0.31125	0.05033077
0.3115	0.044737455
0.31175	0.038718218
0.312	0.032339729
0.31225	0.025673839
0.3125	0.018794987
0.31275	0.01177373
0.313	0.004689426
0.31325	-0.002382904
0.3135	-0.009368365
0.31375	-0.016197375
0.314	-0.022808244
0.31425	-0.029134302
0.3145	-0.035117938
0.31475	-0.040707369
0.315	-0.045857283
0.31525	-0.050533375
0.3155	-0.054702631
0.31575	-0.058338512
0.316	-0.061420952
0.31625	-0.063938299
0.3165	-0.06588214
0.31675	-0.067254415
0.317	-0.068057066
0.31725	-0.06830304
0.3175	-0.067998809
0.31775	-0.067144374
0.318	-0.065778572
0.31825	-0.063914997
0.3185	-0.06157242
0.31875	-0.058769613
0.319	-0.055535705
0.31925	-0.051892056
0.3195	-0.047865206
0.31975	-0.0434804
0.32	-0.038770649
0.32025	-0.033765082
0.3205	-0.028491533
0.32075	-0.022983015
0.321	-0.017275128
0.32125	-0.011404769
0.3215	-0.005410776
0.32175	0.000664841
0.322	0.006777873
0.32225	0.012884496
0.3225	0.018934804
0.32275	0.024875071
0.323	0.030654808
0.32325	0.036226762
0.3235	0.041534618
0.32375	0.04652206
0.324	0.051141189
0.32425	0.055340221
0.3245	0.059071902
0.32475	0.062293511
0.325	0.064962974
0.32525	0.067053752
0.3255	0.068523122
0.32575	0.069358138
0.326	0.069545855
0.32625	0.069073326
0.3265	0.067940552
0.32675	0.066160478
0.327	0.063748641
0.32725	0.060721868
0.3275	0.057113174
0.32775	0.05296269
0.328	0.048317669
0.32825	0.043220833
0.3285	0.037731733
0.32875	0.031915748
0.329	0.025825954
0.32925	0.01953032
0.3295	0.01309681
0.32975	0.00659145
0.33	7.83038E-05
0.33025	-0.006379913
0.3305	-0.012716198
0.33075	-0.018870721
0.331	-0.024794159
0.33125	-0.030435374
0.3315	-0.035743877
0.33175	-0.040678888
0.332	-0.045204806
0.33225	-0.049292502
0.3325	-0.052914789
0.33275	-0.056048366
0.333	-0.058677697
0.33325	-0.060793719
0.3335	-0.062390606
0.33375	-0.063461887
0.334	-0.064008855
0.33425	-0.064039925
0.3345	-0.063559629
0.33475	-0.062574439
0.335	-0.061103775
0.33525	-0.059161877
0.3355	-0.056762985
0.33575	-0.053925871
0.336	-0.050670602
0.33625	-0.047023717
0.3365	-0.04301046
0.33675	-0.038656724
0.337	-0.03399099
0.33725	-0.029044974
0.3375	-0.023853633
0.33775	-0.018449977
0.338	-0.012870255
0.33825	-0.007159779
0.3385	-0.001361336
0.33875	0.004485591
0.339	0.010330252
0.33925	0.016123582
0.3395	0.021821112
0.33975	0.027370411
0.34	0.032717752
0.34025	0.03781394
0.3405	0.04260784
0.34075	0.047054787
0.341	0.05110494
0.34125	0.05471234
0.3415	0.057843328
0.34175	0.060458417
0.342	0.062522655
0.34225	0.064015975
0.3425	0.064917664
0.34275	0.065215421
0.343	0.064898245
0.34325	0.06397649
0.3435	0.062447569
0.34375	0.060327663
0.344	0.057640723
0.34425	0.054415877
0.3445	0.050686137
0.34475	0.04649099
0.345	0.041877039
0.34525	0.036891539
0.3455	0.031588214
0.34575	0.026022086
0.346	0.020252058
0.34625	0.014335094
0.3465	0.008332686
0.34675	0.002305551
0.347	-0.003692131
0.34725	-0.009601393
0.3475	-0.015369479
0.34775	-0.020945963
0.348	-0.026284242
0.34825	-0.031344182
0.3485	-0.036081767
0.34875	-0.040465926
0.349	-0.044463648
0.34925	-0.04804645
0.3495	-0.05119362
0.34975	-0.053888975
0.35	-0.056120864
0.35025	-0.057875693
0.3505	-0.059148283
0.35075	-0.059932163
0.351	-0.060228626
0.35125	-0.060040262
0.3515	-0.059374191
0.35175	-0.05823818
0.352	-0.056640645
0.35225	-0.054595826
0.3525	-0.052117317
0.35275	-0.049224535
0.353	-0.045937549
0.35325	-0.042278365
0.3535	-0.038276759
0.35375	-0.033954094
0.354	-0.02934079
0.35425	-0.024471804
0.3545	-0.019382088
0.35475	-0.014108539
0.355	-0.008694526
0.35525	-0.0031796
0.3555	0.002390477
0.35575	0.007967609
0.356	0.013505256
0.35625	0.018957459
0.3565	0.024274377
0.35675	0.029403578
0.357	0.034291337
0.35725	0.038895578
0.3575	0.043174874
0.35775	0.047080679
0.358	0.050570271
0.35825	0.053610636
0.3585	0.056166822
0.35875	0.058210346
0.359	0.059719849
0.35925	0.060680441
0.3595	0.061080472
0.35975	0.060908938
0.36	0.060173606
0.36025	0.058880949
0.3605	0.057041971
0.36075	0.054676739
0.361	0.051811791
0.36125	0.04847561
0.3615	0.04470509
0.36175	0.040539071
0.362	0.036021568
0.36225	0.031203718
0.3625	0.026131479
0.36275	0.020852752
0.363	0.015421262
0.36325	0.009891383
0.3635	0.004316452
0.36375	-0.001256732
0.364	-0.006775284
0.36425	-0.012187354
0.3645	-0.017449252
0.36475	-0.02251437
0.365	-0.027343871
0.36525	-0.03190086
0.3655	-0.036147791
0.36575	-0.040058127
0.366	-0.043605976
0.36625	-0.046762855
0.3665	-0.049509994
0.36675	-0.05183121
0.367	-0.053712262
0.36725	-0.055143442
0.3675	-0.056120864
0.36775	-0.056639351
0.368	-0.056691782
0.36825	-0.056285278
0.3685	-0.055428253
0.36875	-0.054119414
0.369	-0.052374294
0.36925	-0.050209725
0.3695	-0.047630884
0.36975	-0.044661074
0.37	-0.041324245
0.37025	-0.037638522
0.3705	-0.033639506
0.37075	-0.029349852
0.371	-0.024797395
0.37125	-0.020024856
0.3715	-0.015066542
0.37175	-0.009958055
0.372	-0.004744317
0.37225	0.000531439
0.3725	0.00582207
0.37275	0.011082414
0.373	0.016269225
0.37325	0.021333696
0.3735	0.026228574
0.37375	0.03090596
0.374	0.035320543
0.37425	0.039428305
0.3745	0.04319041
0.37475	0.046569313
0.375	0.049532002
0.37525	0.052048703
0.3755	0.054087049
0.37575	0.055626974
0.376	0.056654239
0.37625	0.057162369
0.3765	0.057144892
0.37675	0.056596629
0.377	0.055528585
0.37725	0.053956942
0.3775	0.051892704
0.37775	0.049357879
0.378	0.046384832
0.37825	0.043002693
0.3785	0.039248356
0.37875	0.03516066
0.379	0.030777795
0.37925	0.026145073
0.3795	0.021309098
0.37975	0.016316478
0.38	0.011214463
0.38025	0.006044612
0.3805	0.00085929
0.38075	-0.004295544
0.381	-0.00937678
0.38125	-0.014337683
0.3815	-0.019140645
0.38175	-0.023746828
0.382	-0.028122573
0.38225	-0.032233572
0.3825	-0.036046165
0.38275	-0.039531873
0.383	-0.042669981
0.38325	-0.045438481
0.3835	-0.047818601
0.38375	-0.049793511
0.384	-0.051351561
0.38425	-0.052484983
0.3845	-0.053184066
0.38475	-0.053442986
0.385	-0.053263037
0.38525	-0.052649397
0.3855	-0.051601419
0.38575	-0.050128813
0.386	-0.048241935
0.38625	-0.045953084
0.3865	-0.043283621
0.38675	-0.040248434
0.387	-0.03686953
0.38725	-0.033172803
0.3875	-0.02918738
0.38775	-0.024945627
0.388	-0.020477966
0.38825	-0.015821941
0.3885	-0.011015095
0.38875	-0.00609905
0.389	-0.00111588
0.38925	0.003892341
0.3895	0.008879654
0.38975	0.013801719
0.39	0.018613743
0.39025	0.023272358
0.3905	0.027734193
0.39075	0.031950702
0.391	0.03588693
0.39125	0.039507276
0.3915	0.042774843
0.39175	0.045655973
0.392	0.048119595
0.39225	0.0501437
0.3925	0.05171146
0.39275	0.052804101
0.393	0.053413857
0.39325	0.053539433
0.3935	0.053178888
0.39375	0.052329631
0.394	0.051007198
0.39425	0.049230361
0.3945	0.047017244
0.39475	0.044386619
0.395	0.04136632
0.39525	0.037993242
0.3955	0.034298457
0.39575	0.030316918
0.396	0.026091347
0.39625	0.021659935
0.3965	0.017063461
0.39675	0.01234659
0.397	0.00755269
0.39725	0.002723124
0.3975	-0.002101587
0.39775	-0.006878204
0.398	-0.011564005
0.39825	-0.016123582
0.3985	-0.020523277
0.39875	-0.024720367
0.399	-0.028685723
0.39925	-0.032394102
0.3995	-0.035811196
0.39975	-0.038916291
0.4	-0.041686733
0.40025	-0.044098571
0.4005	-0.046137564
0.40075	-0.047788178
0.401	-0.049036818
0.40125	-0.049878308
0.4015	-0.050301642
0.40175	-0.050310704
0.402	-0.049906142
0.40225	-0.049082777
0.4025	-0.047847082
0.40275	-0.046212651
0.403	-0.044190487
0.40325	-0.041794185
0.4035	-0.03904122
0.40375	-0.035953602
0.404	-0.032557221
0.40425	-0.028874735
0.4045	-0.024933975
0.40475	-0.020766661
0.405	-0.016412925
0.40525	-0.011911605
0.4055	-0.007293123
0.40575	-0.002598843
0.406	0.002128062
0.40625	0.006841955
0.4065	0.011501217
0.40675	0.016067915
0.407	0.020498032
0.40725	0.02475079
0.4075	0.028784113
0.40775	0.03255981
0.408	0.036039692
0.40825	0.039195277
0.4085	0.041996142
0.40875	0.044415748
0.409	0.046429496
0.40925	0.048021853
0.4095	0.049177282
0.40975	0.049882191
0.41	0.050137227
0.41025	0.049939154
0.4105	0.049287971
0.41075	0.048200507
0.411	0.046685827
0.41125	0.044760111
0.4115	0.042440837
0.41175	0.039753249
0.412	0.036729066
0.41225	0.033397416
0.4125	0.029789369
0.41275	0.025936642
0.413	0.021876133
0.41325	0.017647973
0.4135	0.013291
0.41375	0.008842111
0.414	0.004342667
0.41425	-0.000172874
0.4145	-0.004661398
0.41475	-0.00908679
0.415	-0.013415281
0.41525	-0.017607193
0.4155	-0.021630159
0.41575	-0.025458288
0.416	-0.029055331
0.41625	-0.032389571
0.4165	-0.03544353
0.41675	-0.038195847
0.417	-0.040623867
0.41725	-0.042702993
0.4175	-0.044418337
0.41775	-0.045761483
0.418	-0.046722076
0.41825	-0.047287168
0.4185	-0.047454171
0.41875	-0.047225027
0.419	-0.046602325
0.41925	-0.045583476
0.4195	-0.044174952
0.41975	-0.042392289
0.42	-0.040247139
0.42025	-0.037757625
0.4205	-0.034943167
0.42075	-0.031825773
0.421	-0.028424214
0.42125	-0.024774092
0.4215	-0.020909715
0.42175	-0.016851147
0.422	-0.012638522
0.42225	-0.008310678
0.4225	-0.003903475
0.42275	0.000537757
0.423	0.004982199
0.42325	0.009389726
0.4235	0.013712392
0.42375	0.017916602
0.424	0.021960282
0.42425	0.025803946
0.4245	0.029419113
0.42475	0.032766946
0.425	0.035817021
0.42525	0.038542799
0.4255	0.040918388
0.42575	0.042919191
0.426	0.044532261
0.42625	0.045744006
0.4265	0.046537595
0.42675	0.046913676
0.427	0.046872249
0.42725	0.046410077
0.4275	0.045538812
0.42775	0.044263632
0.428	0.042596836
0.42825	0.040561726
0.4285	0.038184843
0.42875	0.03548172
0.429	0.032475662
0.42925	0.029200326
0.4295	0.025688727
0.42975	0.021973228
0.43	0.018080369
0.43025	0.014050282
0.4305	0.009921159
0.43075	0.005729377
0.431	0.001502706
0.43125	-0.002717881
0.4315	-0.006895034
0.43175	-0.010995676
0.432	-0.01498563
0.43225	-0.018837062
0.4325	-0.022516312
0.43275	-0.025997488
0.433	-0.029246285
0.43325	-0.032236808
0.4335	-0.034951582
0.43375	-0.037369893
0.434	-0.039465201
0.43425	-0.041228445
0.4345	-0.042644736
0.43475	-0.043695303
0.435	-0.044375615
0.43525	-0.04468114
0.4355	-0.044609937
0.43575	-0.04415877
0.436	-0.043332168
0.43625	-0.042134664
0.4365	-0.040578556
0.43675	-0.038672259
0.437	-0.036430014
0.43725	-0.033872534
0.4375	-0.031014059
0.43775	-0.027886956
0.438	-0.024520351
0.43825	-0.020931723
0.4385	-0.017159262
0.43875	-0.013234685
0.439	-0.009186474
0.43925	-0.005058322
0.4395	-0.000885053
0.43975	0.003300709
0.44	0.007457537
0.44025	0.011545233
0.4405	0.015526772
0.44075	0.019369142
0.441	0.023037388
0.44125	0.026492673
0.4415	0.029706514
0.44175	0.032653022
0.442	0.035301124
0.44225	0.037630107
0.4425	0.039617964
0.44275	0.041246569
0.443	0.042504272
0.44325	0.043378774
0.4435	0.043865543
0.44375	0.043961991
0.444	0.043669411
0.44425	0.042989747
0.4445	0.041933354
0.44475	0.04051059
0.445	0.038736342
0.44525	0.036635208
0.4455	0.03422337
0.44575	0.031524131
0.446	0.028560794
0.44625	0.025359251
0.4465	0.021955751
0.44675	0.018380068
0.447	0.014656802
0.44725	0.0108222
0.4475	0.006915748
0.44775	0.002965149
0.448	-0.001002537
0.44825	-0.004946145
0.4485	-0.008831107
0.44875	-0.012628813
0.449	-0.01630871
0.44925	-0.019841671
0.4495	-0.023197271
0.44975	-0.02634703
0.45	-0.029270235
0.45025	-0.03193905
0.4505	-0.034331469
0.45075	-0.036431309
0.451	-0.038219797
0.45125	-0.039682047
0.4515	-0.040807053
0.45175	-0.041582518
0.452	-0.042004557
0.45225	-0.042069287
0.4525	-0.041771529
0.45275	-0.041118404
0.453	-0.040109911
0.45325	-0.038755114
0.4535	-0.037069546
0.45375	-0.035060328
0.454	-0.032744291
0.45425	-0.030142794
0.4545	-0.0272772
0.45475	-0.024172104
0.455	-0.020856636
0.45525	-0.017356688
0.4555	-0.013703977
0.45575	-0.009929574
0.456	-0.006065584
0.45625	-0.00215486
0.4565	0.001773795
0.45675	0.005686849
0.457	0.009548314
0.45725	0.01332207
0.4575	0.016968308
0.45775	0.020459842
0.458	0.023766895
0.45825	0.02685516
0.4585	0.029699394
0.45875	0.032273704
0.459	0.03455414
0.45925	0.036521283
0.4595	0.038159598
0.45975	0.03945355
0.46	0.040396018
0.46025	0.040983118
0.4605	0.0412032
0.46075	0.041056911
0.461	0.040555253
0.46125	0.039699524
0.4615	0.038497488
0.46175	0.036965978
0.462	0.035118585
0.46225	0.032968904
0.4625	0.030541531
0.46275	0.027863006
0.463	0.024955336
0.46325	0.021839237
0.4635	0.01854513
0.46375	0.015108617
0.464	0.011556885
0.46425	0.007914531
0.4645	0.004215732
0.46475	0.000495424
0.465	-0.003215978
0.46525	-0.006893739
0.4655	-0.010508907
0.46575	-0.014019212
0.466	-0.01739941
0.46625	-0.020626845
0.4665	-0.023675625
0.46675	-0.026518565
0.467	-0.029127181
0.46725	-0.031485941
0.4675	-0.033573481
0.46775	-0.035374916
0.468	-0.036874061
0.46825	-0.038053441
0.4685	-0.038910466
0.46875	-0.039432189
0.469	-0.039611491
0.46925	-0.039452255
0.4695	-0.03895254
0.46975	-0.038115582
0.47	-0.036951737
0.47025	-0.035466185
0.4705	-0.033669282
0.47075	-0.031582388
0.471	-0.029219098
0.47125	-0.026601419
0.4715	-0.023751359
0.47175	-0.020696753
0.472	-0.017457019
0.47225	-0.014061934
0.4725	-0.010549039
0.47275	-0.006944229
0.473	-0.003282002
0.47325	0.000403261
0.4735	0.004083424
0.47375	0.007724225
0.474	0.011292139
0.47425	0.014756486
0.4745	0.018079721
0.47475	0.021237895
0.475	0.024201232
0.47525	0.026942546
0.4755	0.029440474
0.47575	0.031674305
0.476	0.033618792
0.47625	0.035259697
0.4765	0.03658666
0.47675	0.037588033
0.477	0.038260577
0.47725	0.038589405
0.4775	0.038577106
0.47775	0.038234685
0.478	0.037560199
0.47825	0.036554943
0.4785	0.035237688
0.47875	0.033618145
0.479	0.031711201
0.47925	0.029540806
0.4795	0.027121848
0.47975	0.024474393
0.48	0.021626922
0.48025	0.018602739
0.4805	0.015428383
0.48075	0.012134923
0.481	0.008747605
0.48125	0.005291026
0.4815	0.00179768
0.48175	-0.001699485
0.482	-0.005169075
0.48225	-0.008590311
0.4825	-0.011938791
0.48275	-0.015174641
0.483	-0.018275206
0.48325	-0.021213298
0.4835	-0.023965615
0.48375	-0.026511444
0.484	-0.028827482
0.48425	-0.03089172
0.4845	-0.032691212
0.48475	-0.034211719
0.485	-0.035429936
0.48525	-0.036348454
0.4855	-0.036954327
0.48575	-0.037237844
0.486	-0.03720289
0.48625	-0.036843638
0.4865	-0.036163974
0.48675	-0.035171664
0.487	-0.033876418
0.48725	-0.032281472
0.4875	-0.030404303
0.48775	-0.028268862
0.488	-0.025883564
0.48825	-0.023269769
0.4885	-0.020454016
0.48875	-0.017465434
0.489	-0.01432409
0.48925	-0.011055228
0.4895	-0.007695096
0.48975	-0.004274118
0.49	-0.000821035
0.49025	0.002635739
0.4905	0.006067656
0.49075	0.009440863
0.491	0.012721376
0.49125	0.015883434
0.4915	0.018900497
0.49175	0.021738905
0.492	0.024380534
0.49225	0.026804671
0.4925	0.028983481
0.49275	0.030902077
0.493	0.032544923
0.49325	0.0338926
0.4935	0.034940578
0.49375	0.035680441
0.494	0.036107012
0.49425	0.036220936
0.4945	0.03601639
0.49475	0.035497903
0.495	0.034672596
0.49525	0.033551473
0.4955	0.03214295
0.49575	0.030459971
0.496	0.028520662
0.49625	0.026339263
0.4965	0.023939076
0.49675	0.021340816
0.497	0.018565843
0.49725	0.015638108
0.4975	0.012582854
0.49775	0.009426622
0.498	0.006201064
0.49825	0.002932331
0.4985	-0.00035975
0.49875	-0.003640024
0.499	-0.006882735
0.49925	-0.010061623
0.4995	-0.013149241
0.49975	-0.016120993
0.5	-0.018944513
0.50025	-0.02160362
0.5005	-0.024076951
0.50075	-0.026339263
0.501	-0.028373078
0.50125	-0.030160919
0.5015	-0.031687898
0.50175	-0.032942364
0.502	-0.033908135
0.50225	-0.034580032
0.5025	-0.03495676
0.50275	-0.035029258
0.503	-0.034799467
0.50325	-0.03426415
0.5035	-0.033423955
0.50375	-0.03229636
0.504	-0.03089172
0.50425	-0.029217803
0.5045	-0.027288851
0.50475	-0.025124281
0.505	-0.022740925
0.50525	-0.020157553
0.5055	-0.017398115
0.50575	-0.014489799
0.506	-0.011459142
0.50625	-0.008334628
0.5065	-0.005142212
0.50675	-0.00190565
0.507	0.00134114
0.50725	0.004567021
0.5075	0.007745585
0.50775	0.01085327
0.508	0.013863213
0.50825	0.016739164
0.5085	0.019459117
0.50875	0.022003003
0.509	0.024346875
0.50925	0.026471959
0.5095	0.028362721
0.50975	0.029999094
0.51	0.031364896
0.51025	0.032451064
0.5105	0.033254363
0.51075	0.033763787
0.511	0.033976749
0.51125	0.033897778
0.5115	0.03352105
0.51175	0.03285239
0.512	0.031907333
0.51225	0.030694293
0.5125	0.029215214
0.51275	0.027484983
0.513	0.025526902
0.51325	0.023349386
0.5135	0.020972503
0.51375	0.018431852
0.514	0.015737792
0.51425	0.012912977
0.5145	0.0099833
0.51475	0.006971415
0.515	0.003905481
0.51525	0.000813591
0.5155	-0.002279271
0.51575	-0.005347082
0.516	-0.008359873
0.51625	-0.011295376
0.5165	-0.014135726
0.51675	-0.016854384
0.517	-0.019420926
0.51725	-0.021814639
0.5175	-0.024019989
0.51775	-0.026012376
0.518	-0.027780151
0.51825	-0.029309073
0.5185	-0.030581663
0.51875	-0.031588861
0.519	-0.03232031
0.51925	-0.032769535
0.5195	-0.032935891
0.51975	-0.032815494
0.52	-0.032407695
0.52025	-0.031718321
0.5205	-0.030753198
0.52075	-0.029522681
0.521	-0.028031303
0.52125	-0.026292657
0.5215	-0.024331987
0.52175	-0.022166123
0.522	-0.019799596
0.52225	-0.01726024
0.5225	-0.014577184
0.52275	-0.011771141
0.523	-0.008869297
0.52325	-0.005891202
0.5235	-0.002866048
0.52375	0.000177735
0.524	0.003213195
0.52425	0.006218735
0.5245	0.009159935
0.52475	0.012008052
0.525	0.014746129
0.52525	0.01735151
0.5255	0.019801538
0.52575	0.02207097
0.526	0.024139739
0.52625	0.025988426
0.5265	0.027606675
0.52675	0.028984776
0.527	0.030103309
0.52725	0.030957744
0.5275	0.031542256
0.52775	0.031847781
0.528	0.031876262
0.52825	0.031628994
0.5285	0.031107918
0.52875	0.03031886
0.529	0.029271529
0.52925	0.027973694
0.5295	0.026440241
0.52975	0.024681529
0.53	0.022712444
0.53025	0.020554347
0.5305	0.018224069
0.53075	0.015741028
0.531	0.013129822
0.53125	0.010414401
0.5315	0.007609005
0.53175	0.004740109
0.532	0.001838395
0.53225	-0.001072252
0.5325	-0.00396568
0.53275	-0.006822536
0.533	-0.009619517
0.53325	-0.012330408
0.5335	-0.014931904
0.53375	-0.017397468
0.534	-0.019709621
0.53425	-0.021854772
0.5345	-0.023802496
0.53475	-0.025543084
0.535	-0.027063591
0.53525	-0.028343949
0.5355	-0.029376392
0.53575	-0.030156388
0.536	-0.030679406
0.53625	-0.030930558
0.5365	-0.030907902
0.53675	-0.030615323
0.537	-0.030057998
0.53725	-0.029240459
0.5375	-0.028167884
0.53775	-0.026851276
0.538	-0.0252997
0.53825	-0.023529983
0.5385	-0.021551188
0.53875	-0.019384677
0.539	-0.017059577
0.53925	-0.014590777
0.5395	-0.012001579
0.53975	-0.009310756
0.54	-0.006533841
0.54025	-0.003701064
0.5405	-0.000847639
0.54075	0.002002615
0.541	0.004825553
0.54125	0.007605121
0.5415	0.010316012
0.54175	0.012924628
0.542	0.015416731
0.54225	0.017767723
0.5425	0.019955595
0.54275	0.02196546
0.543	0.023776604
0.54325	0.025377376
0.5435	0.02675224
0.54375	0.027891487
0.544	0.028789938
0.54425	0.029433354
0.5445	0.02981785
0.54475	0.029943426
0.545	0.029805551
0.54525	0.029415877
0.5455	0.02877505
0.54575	0.027885014
0.546	0.026753534
0.54625	0.025392911
0.5465	0.023818678
0.54675	0.022044431
0.547	0.020083113
0.54725	0.017949614
0.5475	0.015665942
0.54775	0.013256693
0.548	0.010738051
0.54825	0.008126198
0.5485	0.005450779
0.54875	0.00273963
0.549	1.18792E-06
0.54925	-0.002738077
0.5495	-0.005439257
0.54975	-0.008091891
0.55	-0.010675263
0.55025	-0.01316154
0.5505	-0.015531303
0.55075	-0.017763839
0.551	-0.019835845
0.55125	-0.021731785
0.5515	-0.023442597
0.55175	-0.024948216
0.552	-0.026235047
0.55225	-0.027293382
0.5525	-0.028109627
0.55275	-0.028679897
0.553	-0.029004195
0.55325	-0.029071514
0.5535	-0.028882502
0.55375	-0.02844687
0.554	-0.027764616
0.55425	-0.026839625
0.5545	-0.025681606
0.55475	-0.024299622
0.555	-0.022702087
0.55525	-0.020912304
0.5555	-0.018944513
0.55575	-0.016814251
0.556	-0.014544819
0.55625	-0.012146574
0.5565	-0.009644762
0.55675	-0.007064626
0.557	-0.004427011
0.55725	-0.001761043
0.5575	0.000914505
0.55775	0.003577171
0.558	0.006202682
0.55825	0.008767024
0.5585	0.011252007
0.55875	0.013635363
0.559	0.01588926
0.55925	0.017997514
0.5595	0.019942002
0.55975	0.021711071
0.56	0.023291129
0.56025	0.024663404
0.5605	0.02581495
0.56075	0.02674253
0.561	0.027435788
0.56125	0.027891487
0.5615	0.028101859
0.56175	0.028064963
0.562	0.027783388
0.56225	0.027270079
0.5625	0.02652439
0.56275	0.025543732
0.563	0.024348169
0.56325	0.022944824
0.5635	0.021349231
0.56375	0.019570452
0.564	0.01762467
0.56425	0.015528714
0.5645	0.013303299
0.56475	0.010971079
0.565	0.008545648
0.56525	0.006047201
0.5655	0.003503638
0.56575	0.00093593
0.566	-0.00163961
0.56625	-0.004194889
0.5665	-0.006709259
0.56675	-0.00916576
0.567	-0.011539408
0.56725	-0.013805603
0.5675	-0.015950753
0.56775	-0.01795544
0.568	-0.019800243
0.56825	-0.021475454
0.5685	-0.022961007
0.56875	-0.02424266
0.569	-0.025314588
0.56925	-0.026161255
0.5695	-0.026775542
0.56975	-0.027163275
0.57	-0.027314096
0.57025	-0.027223474
0.5705	-0.026893351
0.57075	-0.026330848
0.571	-0.025538553
0.57125	-0.024523588
0.5715	-0.023300192
0.57175	-0.02187678
0.572	-0.020260473
0.57225	-0.018465512
0.5725	-0.016517788
0.57275	-0.0144296
0.573	-0.01221713
0.57325	-0.00990174
0.5735	-0.007509968
0.57375	-0.005057221
0.574	-0.002559422
0.57425	-4.81086E-05
0.5745	0.002454689
0.57475	0.004933652
0.575	0.007363679
0.57525	0.009721143
0.5755	0.011991223
0.57575	0.014155792
0.576	0.016188312
0.57625	0.018071954
0.5765	0.019800243
0.57675	0.021351173
0.577	0.022706618
0.57725	0.0238614
0.5775	0.024808399
0.57775	0.025547615
0.578	0.026058982
0.57825	0.026337321
0.5785	0.02639493
0.57875	0.026221454
0.579	0.025817539
0.57925	0.025192248
0.5795	0.024353995
0.57975	0.023311196
0.58	0.022065144
0.58025	0.020629434
0.5805	0.019017658
0.58075	0.017244705
0.581	0.015326757
0.58125	0.013277407
0.5815	0.011120605
0.58175	0.008870592
0.582	0.006547434
0.58225	0.00417178
0.5825	0.00175936
0.58275	-0.000664
0.583	-0.003077132
0.58325	-0.005460554
0.5835	-0.007788307
0.58375	-0.010043499
0.584	-0.012215188
0.58425	-0.014278132
0.5845	-0.016213557
0.58475	-0.018005929
0.585	-0.019635182
0.58525	-0.0210929
0.5855	-0.022364844
0.58575	-0.023440656
0.586	-0.024313863
0.58625	-0.024972166
0.5865	-0.025409093
0.58675	-0.025628528
0.587	-0.025622055
0.58725	-0.025392263
0.5875	-0.024943038
0.58775	-0.024274377
0.588	-0.023395992
0.58825	-0.022313707
0.5885	-0.021037233
0.58875	-0.019580809
0.589	-0.017956735
0.58925	-0.016181192
0.5895	-0.014270364
0.58975	-0.01223396
0.59	-0.010090104
0.59025	-0.007865336
0.5905	-0.00558134
0.59075	-0.003252745
0.591	-0.000900329
0.59125	0.001454094
0.5915	0.00379065
0.59175	0.006090311
0.592	0.00832945
0.59225	0.010489488
0.5925	0.01255761
0.59275	0.014511807
0.593	0.016331366
0.59325	0.018011108
0.5935	0.019533556
0.59375	0.02087735
0.594	0.022032779
0.59425	0.022996608
0.5945	0.023761069
0.59475	0.024317746
0.595	0.024664052
0.59525	0.024796748
0.5955	0.024713246
0.59575	0.024415489
0.596	0.023907359
0.59625	0.02319274
0.5965	0.022278753
0.59675	0.021173813
0.597	0.019890865
0.59725	0.018437678
0.5975	0.016824608
0.59775	0.015072368
0.598	0.013191316
0.59825	0.011198281
0.5985	0.009111387
0.59875	0.006951349
0.599	0.00473396
0.59925	0.002478186
0.5995	0.000202786
0.59975	-0.002074983
0.6	-0.004327262
0.60025	-0.006531899
0.6005	-0.00868158
0.60075	-0.010754881
0.601	-0.012726555
0.60125	-0.014591425
0.6015	-0.016326834
0.60175	-0.017915307
0.602	-0.019346486
0.60225	-0.020603542
0.6025	-0.021680648
0.60275	-0.022569391
0.603	-0.023255528
0.60325	-0.023743592
0.6035	-0.024023225
0.60375	-0.024088602
0.604	-0.023945549
0.60425	-0.023596007
0.6045	-0.023041919
0.60475	-0.022285873
0.605	-0.021336285
0.60525	-0.020205453
0.6055	-0.018897908
0.60575	-0.017424654
0.606	-0.015804464
0.60625	-0.014052224
0.6065	-0.012182176
0.60675	-0.010209854
0.607	-0.008153384
0.60725	-0.006027005
0.6075	-0.003854345
0.60775	-0.00165262
0.608	0.000564756
0.60825	0.002766299
0.6085	0.004938377
0.60875	0.007066568
0.609	0.009119155
0.60925	0.011093418
0.6095	0.012970587
0.60975	0.014730594
0.61	0.016355316
0.61025	0.017830511
0.6105	0.019153591
0.61075	0.020310963
0.611	0.021285148
0.61125	0.02207097
0.6115	0.022664544
0.61175	0.02306328
0.612	0.023269769
0.61225	0.023267827
0.6125	0.023058102
0.61275	0.022654834
0.613	0.022052846
0.61325	0.021262493
0.6135	0.020292838
0.61375	0.019148413
0.614	0.017840868
0.61425	0.016374735
0.6145	0.014773316
0.61475	0.013050852
0.615	0.011213169
0.61525	0.00928098
0.6155	0.007271762
0.61575	0.005205647
0.616	0.003095192
0.61625	0.000960463
0.6165	-0.001175625
0.61675	-0.00330058
0.617	-0.005394529
0.61725	-0.007437471
0.6175	-0.00941044
0.61775	-0.011302496
0.618	-0.013093574
0.61825	-0.014764901
0.6185	-0.01630871
0.61875	-0.017705582
0.619	-0.018945808
0.61925	-0.020020325
0.6195	-0.020920719
0.61975	-0.021637279
0.62	-0.022161592
0.62025	-0.022489773
0.6205	-0.022621174
0.62075	-0.022562918
0.621	-0.02230335
0.62125	-0.021843121
0.6215	-0.021199058
0.62175	-0.02036922
0.622	-0.019363964
0.62225	-0.018198825
0.6225	-0.016875744
0.62275	-0.015407022
0.623	-0.01380625
0.62325	-0.012089612
0.6235	-0.01027329
0.62375	-0.008366993
0.624	-0.006387098
0.62425	-0.004358979
0.6245	-0.002301409
0.62475	-0.000232063
0.625	0.001840402
0.62525	0.003896484
0.6255	0.005910945
0.62575	0.007867278
0.626	0.009754156
0.62625	0.011549764
0.6265	0.013239863
0.62675	0.014810212
0.627	0.01625369
0.62725	0.017557998
0.6275	0.018700482
0.62775	0.019675315
0.628	0.020483792
0.62825	0.021109083
0.6285	0.021551836
0.62875	0.021810108
0.629	0.021874191
0.62925	0.021747967
0.6295	0.021435322
0.62975	0.020938843
0.63	0.020264357
0.63025	0.019413806
0.6305	0.018398193
0.63075	0.017222697
0.631	0.015898322
0.63125	0.014441251
0.6315	0.012861193
0.63175	0.011171094
0.632	0.009385195
0.63225	0.007522267
0.6325	0.005597846
0.63275	0.003626689
0.633	0.00162634
0.63325	-0.000380411
0.6335	-0.002379732
0.63375	-0.004361504
0.634	-0.006305927
0.63425	-0.008184454
0.6345	-0.009985889
0.63475	-0.011705764
0.635	-0.013316245
0.63525	-0.014807623
0.6355	-0.016172777
0.63575	-0.017390995
0.636	-0.018457097
0.63625	-0.019362669
0.6365	-0.020098648
0.63675	-0.020655326
0.637	-0.021028818
0.63725	-0.021220418
0.6375	-0.021226891
0.63775	-0.021049531
0.638	-0.020688986
0.63825	-0.020147196
0.6385	-0.019431283
0.63875	-0.018547719
0.639	-0.017507509
0.63925	-0.016314536
0.6395	-0.014979157
0.63975	-0.013520791
0.64	-0.011943322
0.64025	-0.010268111
0.6405	-0.008508751
0.64075	-0.006675599
0.641	-0.004788657
0.64125	-0.002867084
0.6415	-0.00092402
0.64175	0.001027005
0.642	0.002961007
0.64225	0.004862708
0.6425	0.0067235
0.64275	0.008522345
0.643	0.010238983
0.64325	0.01186241
0.6435	0.013385506
0.64375	0.014789498
0.644	0.016054321
0.64425	0.017182564
0.6445	0.018163223
0.64475	0.018980115
0.645	0.019632593
0.64525	0.020110947
0.6455	0.020413883
0.64575	0.020542049
0.646	0.020488323
0.64625	0.020261768
0.6465	0.019866268
0.64675	0.019292113
0.647	0.018546424
0.64725	0.01764862
0.6475	0.016595464
0.64775	0.015398607
0.648	0.014076174
0.64825	0.012635286
0.6485	0.011085651
0.64875	0.009433742
0.649	0.007704806
0.64925	0.005914828
0.6495	0.004079022
0.64975	0.00221247
0.65	0.000320336
0.65025	-0.00156407
0.6505	-0.003428939
0.65075	-0.005266428
0.651	-0.007054917
0.65125	-0.008779323
0.6515	-0.010424111
0.65175	-0.011978277
0.652	-0.013426933
0.65225	-0.014746776
0.6525	-0.015938455
0.65275	-0.016997437
0.653	-0.017898478
0.65325	-0.018641577
0.6535	-0.019224794
0.65375	-0.019638419
0.654	-0.01988245
0.65425	-0.019950417
0.6545	-0.019842318
0.65475	-0.019565921
0.655	-0.019121874
0.65525	-0.018508234
0.6555	-0.017734063
0.65575	-0.016809073
0.656	-0.015737145
0.65625	-0.014533168
0.6565	-0.013203615
0.65675	-0.011763373
0.657	-0.010227979
0.65725	-0.008600021
0.6575	-0.006899565
0.65775	-0.005143053
0.658	-0.003350357
0.65825	-0.001535912
0.6585	0.000293369
0.65875	0.002118417
0.659	0.003918104
0.65925	0.005683289
0.6595	0.007393455
0.65975	0.009031769
0.66	0.010593703
0.66025	0.012063073
0.6605	0.013424344
0.66075	0.014660038
0.661	0.015768215
0.66125	0.016741753
0.6615	0.017561882
0.66175	0.018230542
0.662	0.018748382
0.66225	0.019093392
0.6625	0.019266221
0.66275	0.019283698
0.663	0.019135467
0.66325	0.018814406
0.6635	0.018331521
0.66375	0.017691989
0.664	0.016899694
0.66425	0.015960463
0.6645	0.014887888
0.66475	0.013692326
0.665	0.012375719
0.66525	0.010952307
0.6655	0.009433095
0.66575	0.007832324
0.666	0.006168634
0.66625	0.004457563
0.6665	0.002708819
0.66675	0.000943115
0.667	-0.000826213
0.66725	-0.002591269
0.6675	-0.004330822
0.66775	-0.00603076
0.668	-0.007677619
0.66825	-0.009246673
0.6685	-0.010731578
0.66875	-0.012125861
0.669	-0.013412045
0.66925	-0.014579126
0.6695	-0.015618689
0.66975	-0.016517788
0.67	-0.017271892
0.67025	-0.017875175
0.6705	-0.018321811
0.67075	-0.018604681
0.671	-0.018730257
0.67125	-0.018692714
0.6715	-0.018485578
0.67175	-0.018119854
0.672	-0.017602014
0.67225	-0.016934001
0.6725	-0.016117109
0.67275	-0.015159754
0.673	-0.014072938
0.67325	-0.012862488
0.6735	-0.011545233
0.67375	-0.010136062
0.674	-0.008637564
0.67425	-0.00706851
0.6745	-0.005439646
0.67475	-0.003760745
0.675	-0.002058736
0.67525	-0.000348402
0.6755	0.001364896
0.67575	0.003069753
0.676	0.004739009
0.67625	0.006359199
0.6765	0.007927477
0.67675	0.00942468
0.677	0.010835793
0.67725	0.012147869
0.6775	0.013354435
0.67775	0.014445135
0.678	0.015407022
0.67825	0.016235565
0.6785	0.016919761
0.67875	0.017453783
0.679	0.017829864
0.67925	0.018055771
0.6795	0.018136036
0.67975	0.018048004
0.68	0.017799441
0.68025	0.017400057
0.6805	0.0168505
0.68075	0.016161126
0.681	0.015329346
0.68125	0.014361633
0.6815	0.013276759
0.68175	0.012081845
0.682	0.010776242
0.68225	0.009380664
0.6825	0.007911294
0.68275	0.006373052
0.683	0.004776164
0.68325	0.003140244
0.6835	0.001485293
0.68375	-0.000181639
0.684	-0.001843379
0.68425	-0.003484737
0.6845	-0.005095671
0.68475	-0.00665877
0.685	-0.008158562
0.68525	-0.009589742
0.6855	-0.010934183
0.68575	-0.012175703
0.686	-0.013310419
0.68625	-0.014326032
0.6865	-0.01521801
0.68675	-0.015981177
0.687	-0.016600642
0.68725	-0.017071876
0.6875	-0.017392937
0.68775	-0.017561235
0.688	-0.017578712
0.68825	-0.017444073
0.6885	-0.017156672
0.68875	-0.016719745
0.689	-0.016143001
0.68925	-0.01542903
0.6895	-0.014577184
0.68975	-0.01359782
0.69	-0.012501295
0.69025	-0.01130638
0.6905	-0.01001437
0.69075	-0.008625913
0.691	-0.00717402
0.69125	-0.005668337
0.6915	-0.004111711
0.69175	-0.002524015
0.692	-0.000915929
0.69225	0.0006974
0.6925	0.002302638
0.69275	0.003884768
0.693	0.005425211
0.69325	0.006917689
0.6935	0.008345632
0.69375	0.009702372
0.694	0.010969784
0.69425	0.012139454
0.6945	0.013206851
0.69475	0.01415385
0.695	0.014981099
0.69525	0.015673709
0.6955	0.016228445
0.69575	0.016640127
0.696	0.016904873
0.69625	0.017023329
0.6965	0.016992906
0.69675	0.016817487
0.697	0.016497722
0.69725	0.016036844
0.6975	0.015434208
0.69775	0.014694992
0.698	0.013835379
0.69825	0.012852131
0.6985	0.011764668
0.69875	0.010580757
0.699	0.00929522
0.69925	0.007937833
0.6995	0.006513127
0.69975	0.005028158
0.7	0.003508816
0.70025	0.00196313
0.7005	0.000398219
0.70075	-0.001170965
0.701	-0.002724548
0.70125	-0.004246802
0.7015	-0.005730995
0.70175	-0.007160427
0.702	-0.008524934
0.70225	-0.009818886
0.7025	-0.011025452
0.70275	-0.012131687
0.703	-0.01312788
0.70325	-0.014001087
0.7035	-0.014757133
0.70375	-0.015397312
0.704	-0.015892497
0.70425	-0.016239449
0.7045	-0.016449174
0.70475	-0.016519082
0.705	-0.016443996
0.70525	-0.016225208
0.7055	-0.015869841
0.70575	-0.015372068
0.706	-0.014742245
0.70625	-0.013987494
0.7065	-0.013112345
0.70675	-0.012127156
0.707	-0.011037751
0.70725	-0.009856429
0.7075	-0.008586427
0.70775	-0.007243281
0.708	-0.005845373
0.70825	-0.004398206
0.7085	-0.002912136
0.70875	-0.001409495
0.709	9.92504E-05
0.70925	0.001612423
0.7095	0.003105743
0.70975	0.004569222
0.71	0.005997618
0.71025	0.007364973
0.7105	0.008660867
0.71075	0.009882321
0.711	0.011014448
0.71125	0.012053363
0.7115	0.012987416
0.71175	0.013802367
0.712	0.014498213
0.71225	0.01506719
0.7125	0.015502822
0.71275	0.015802522
0.713	0.015964347
0.71325	0.015989591
0.7135	0.015874372
0.71375	0.01562322
0.714	0.015238724
0.71425	0.014716353
0.7145	0.014065817
0.71475	0.013298768
0.715	0.012417146
0.71525	0.011433898
0.7155	0.01035226
0.71575	0.009173528
0.716	0.007920356
0.71625	0.006603749
0.7165	0.005227526
0.71675	0.00380994
0.717	0.002367498
0.71725	0.000904277
0.7175	-0.000565254
0.71775	-0.002023847
0.718	-0.003463764
0.71825	-0.00487889
0.7185	-0.006246181
0.71875	-0.007555279
0.719	-0.008796152
0.71925	-0.009954818
0.7195	-0.011026746
0.71975	-0.012001579
0.72	-0.012867666
0.72025	-0.013623065
0.7205	-0.014253534
0.72075	-0.01476037
0.721	-0.015148749
0.72125	-0.015396018
0.7215	-0.015506059
0.72175	-0.015487934
0.722	-0.015331288
0.72225	-0.015036767
0.7225	-0.01461408
0.72275	-0.014069701
0.723	-0.013408161
0.72325	-0.012631402
0.7235	-0.011743954
0.72375	-0.010752939
0.724	-0.009668065
0.72425	-0.008503573
0.7245	-0.00726982
0.72475	-0.005973733
0.725	-0.004626702
0.72525	-0.003246919
0.7255	-0.001837877
0.72575	-0.00041833
0.726	0.001001178
0.72625	0.002416628
0.7265	0.003802043
0.72675	0.005151598
0.727	0.006453058
0.72725	0.00769898
0.7275	0.008875123
0.72775	0.009967117
0.728	0.010974962
0.72825	0.011890891
0.7285	0.012696779
0.72875	0.013391331
0.729	0.013966781
0.72925	0.01441989
0.7295	0.01475066
0.72975	0.01495197
0.73	0.01502641
0.73025	0.014969447
0.7305	0.014777847
0.73075	0.014456786
0.731	0.014011444
0.73125	0.013446999
0.7315	0.012767982
0.73175	0.011977629
0.732	0.011085003
0.73225	0.01009593
0.7325	0.009022707
0.73275	0.00786922
0.733	0.006650355
0.73325	0.005380094
0.7335	0.004068148
0.73375	0.002720794
0.734	0.001348066
0.73425	-3.38259E-05
0.7345	-0.001409171
0.73475	-0.002771024
0.735	-0.00410705
0.73525	-0.005402167
0.7355	-0.006655533
0.73575	-0.007847211
0.736	-0.008965745
0.73625	-0.010005308
0.7365	-0.010954896
0.73675	-0.011802211
0.737	-0.012548547
0.73725	-0.013187432
0.7375	-0.013707861
0.73775	-0.014110481
0.738	-0.014384936
0.73825	-0.014535757
0.7385	-0.014560354
0.73875	-0.014460023
0.739	-0.014237352
0.73925	-0.013886515
0.7395	-0.013417223
0.73975	-0.012832065
0.74	-0.012137512
0.74025	-0.011340687
0.7405	-0.010442882
0.74075	-0.009457045
0.741	-0.00839159
0.74125	-0.007254932
0.7415	-0.006061312
0.74175	-0.004813189
0.742	-0.003526293
0.74225	-0.002210787
0.7425	-0.00087489
0.74275	0.000457511
0.743	0.001784799
0.74325	0.003099852
0.7435	0.004382541
0.74375	0.005621213
0.744	0.006810885
0.74425	0.007943659
0.7445	0.009007819
0.74475	0.009982652
0.745	0.010868158
0.74525	0.011662394
0.7455	0.012347237
0.74575	0.012930454
0.746	0.01340363
0.74625	0.013756408
0.7465	0.013990731
0.74675	0.014100124
0.747	0.014085236
0.74725	0.01395254
0.7475	0.013702035
0.74775	0.013327896
0.748	0.012839185
0.74825	0.01224108
0.7485	0.01153164
0.74875	0.010720574
0.749	0.009824064
0.74925	0.008845995
0.7495	0.007789602
0.74975	0.006671716
0.75	0.005498097
0.75025	0.004273471
0.7505	0.003013826
0.75075	0.001733144
0.751	0.000440966
0.75125	-0.000857219
0.7515	-0.002143985
0.75175	-0.003406931
0.752	-0.004642367
0.75225	-0.005837929
0.7525	-0.006976594
0.75275	-0.008051758
0.753	-0.009053778
0.75325	-0.009970354
0.7535	-0.010804075
0.75375	-0.011545233
0.754	-0.012183471
0.75425	-0.012710372
0.7545	-0.013124644
0.75475	-0.013428227
0.755	-0.013610766
0.75525	-0.013674849
0.7555	-0.013623065
0.75575	-0.013456061
0.756	-0.013172544
0.75625	-0.012775102
0.7565	-0.012268267
0.75675	-0.011652685
0.757	-0.010934183
0.75725	-0.010124411
0.7575	-0.009229196
0.75775	-0.008251774
0.758	-0.007201854
0.75825	-0.006097561
0.7585	-0.004946404
0.75875	-0.003755696
0.759	-0.002530488
0.75925	-0.001288773
0.7595	-3.53587E-05
0.75975	0.001221584
0.76	0.002469124
0.76025	0.003686047
0.7605	0.004863873
0.76075	0.005998524
0.761	0.007076278
0.76125	0.008097716
0.7615	0.00904601
0.76175	0.009914686
0.762	0.010698566
0.76225	0.011384703
0.7625	0.011966625
0.76275	0.012446921
0.763	0.012818471
0.76325	0.01307286
0.7635	0.013217855
0.76375	0.013255398
0.764	0.013172544
0.76425	0.012970587
0.7645	0.012656646
0.76475	0.012235255
0.765	0.011706411
0.76525	0.011076588
0.7655	0.010355497
0.76575	0.009543783
0.766	0.00865051
0.76625	0.007683445
0.7665	0.006648413
0.76675	0.005559849
0.767	0.004424745
0.76725	0.003258894
0.7675	0.002063979
0.76775	0.000846927
0.768	-0.00036786
0.76825	-0.001576822
0.7685	-0.002771995
0.76875	-0.003939853
0.769	-0.005074181
0.76925	-0.006167275
0.7695	-0.007200559
0.76975	-0.008165035
0.77	-0.009061545
0.77025	-0.009875848
0.7705	-0.010602118
0.77075	-0.011228704
0.771	-0.011760137
0.77125	-0.012196417
0.7715	-0.012520714
0.77175	-0.012733028
0.772	-0.012836596
0.77225	-0.01283077
0.7725	-0.012713609
0.77275	-0.01248317
0.773	-0.012140749
0.77325	-0.01170188
0.7735	-0.011164621
0.77375	-0.0105225
0.774	-0.00978911
0.77425	-0.008981927
0.7745	-0.008098364
0.77475	-0.007137124
0.775	-0.006112773
0.77525	-0.005042204
0.7755	-0.0039394
0.77575	-0.002800217
0.776	-0.00163236
0.77625	-0.000451847
0.7765	0.000730413
0.77675	0.001893804
0.777	0.003039977
0.77725	0.004164207
0.7775	0.00524934
0.77775	0.006286443
0.778	0.007269173
0.77825	0.008186396
0.7785	0.009025944
0.77875	0.009787168
0.779	0.010464243
0.77925	0.011052638
0.7795	0.011541349
0.77975	0.011922609
0.78	0.01220289
0.78025	0.012376366
0.7805	0.012445627
0.78075	0.012410025
0.781	0.012263736
0.78125	0.012008052
0.7815	0.011648801
0.78175	0.011187277
0.782	0.010628657
0.78225	0.009982652
0.7825	0.009249909
0.78275	0.008437549
0.783	0.00755269
0.78325	0.006603102
0.7835	0.005597522
0.78375	0.004550451
0.784	0.003462728
0.78425	0.002348144
0.7845	0.001211291
0.78475	6.34729E-05
0.785	-0.001071734
0.78525	-0.002203731
0.7855	-0.003311843
0.78575	-0.004382541
0.786	-0.005426053
0.78625	-0.006417845
0.7865	-0.007344907
0.78675	-0.008210346
0.787	-0.009003936
0.78725	-0.00971467
0.7875	-0.010339314
0.78775	-0.01087722
0.788	-0.011319973
0.78825	-0.011666926
0.7885	-0.011905132
0.78875	-0.012041712
0.789	-0.012072135
0.78925	-0.011989928
0.7895	-0.011808037
0.78975	-0.011526462
0.79	-0.011146497
0.79025	-0.010673968
0.7905	-0.010109523
0.79075	-0.009450572
0.791	-0.008721066
0.79125	-0.007912589
0.7915	-0.007034203
0.79175	-0.006104228
0.792	-0.005113277
0.79225	-0.004080641
0.7925	-0.003018875
0.79275	-0.001930247
0.793	-0.000830226
0.79325	0.000276533
0.7935	0.001379978
0.79375	0.002466923
0.794	0.003534708
0.79425	0.00457453
0.7945	0.005565157
0.79475	0.006496297
0.795	0.007378567
0.79525	0.008198695
0.7955	0.008944384
0.79575	0.00961175
0.796	0.010193672
0.79625	0.010684972
0.7965	0.011073352
0.79675	0.011372404
0.797	0.011576304
0.79725	0.01167534
0.7975	0.011676635
0.79775	0.01157242
0.798	0.011371757
0.79825	0.011074647
0.7985	0.010677205
0.79875	0.01018461
0.799	0.009605924
0.79925	0.008945679
0.7995	0.008211641
0.79975	0.007404459
0.8	0.006534488
0.80025	0.005610598
0.8005	0.004635894
0.80075	0.003619893
0.801	0.002579683
0.80125	0.001528015
0.8015	0.000452119
0.80175	-0.000628696
0.802	-0.001688481
0.80225	-0.002735099
0.8025	-0.003761004
0.80275	-0.004749042
0.803	-0.005695717
0.80325	-0.006589509
0.8035	-0.007421936
0.80375	-0.008195459
0.804	-0.008891953
0.80425	-0.009503651
0.8045	-0.010042851
0.80475	-0.010492724
0.805	-0.010842913
0.80525	-0.01110507
0.8055	-0.01127272
0.80575	-0.011336156
0.806	-0.011302496
0.80625	-0.011170447
0.8065	-0.010940656
0.80675	-0.0106183
0.807	-0.010206618
0.80725	-0.00970043
0.8075	-0.009106209
0.80775	-0.00844208
0.808	-0.0077061
0.80825	-0.006904743
0.8085	-0.006047395
0.80875	-0.00513548
0.809	-0.004179224
0.80925	-0.003195264
0.8095	-0.002191109
0.80975	-0.001165851
0.81	-0.000124974
0.81025	0.000914505
0.8105	0.001946947
0.81075	0.002959518
0.811	0.003941148
0.81125	0.004889377
0.8115	0.00578977
0.81175	0.006633525
0.812	0.007427761
0.81225	0.008156621
0.8125	0.008810393
0.81275	0.009391021
0.813	0.009881674
0.81325	0.010286883
0.8135	0.010602118
0.81375	0.010817021
0.814	0.01094195
0.81425	0.010973021
0.8145	0.010911527
0.81475	0.010759412
0.815	0.01050826
0.81525	0.010165838
0.8155	0.009740562
0.81575	0.009227901
0.816	0.008634328
0.81625	0.007963725
0.8165	0.00723163
0.81675	0.006439659
0.817	0.005594027
0.81725	0.004697452
0.8175	0.003759515
0.81775	0.00278753
0.818	0.0017892
0.81825	0.000783103
0.8185	-0.00022693
0.81875	-0.001228186
0.819	-0.002218684
0.81925	-0.003190215
0.8195	-0.004132425
0.81975	-0.005039744
0.82	-0.005897675
0.82025	-0.006698902
0.8205	-0.007443297
0.82075	-0.00811843
0.821	-0.008724302
0.82125	-0.009255088
0.8215	-0.009699783
0.82175	-0.010069391
0.822	-0.010351613
0.82225	-0.010538035
0.8225	-0.010636425
0.82275	-0.01063513
0.823	-0.010537388
0.82325	-0.010358086
0.8235	-0.010094635
0.82375	-0.009734737
0.824	-0.009293278
0.82425	-0.008768966
0.8245	-0.008167625
0.82475	-0.007506085
0.825	-0.006775931
0.82525	-0.005983766
0.8255	-0.005139493
0.82575	-0.00425211
0.826	-0.003336829
0.82625	-0.002396173
0.8265	-0.001435775
0.82675	-0.00046904
0.827	0.000504531
0.82725	0.001475908
0.8275	0.002433587
0.82775	0.003368288
0.828	0.004269781
0.82825	0.005133214
0.8285	0.005949459
0.82875	0.006712495
0.829	0.007416757
0.82925	0.008057584
0.8295	0.008631091
0.82975	0.009124981
0.83	0.009535368
0.83025	0.009858371
0.8305	0.010093341
0.83075	0.010244809
0.831	0.010312128
0.83125	0.010290767
0.8315	0.01017749
0.83175	0.009965175
0.832	0.009670007
0.83225	0.009301046
0.8325	0.008847936
0.83275	0.008317798
0.833	0.00771581
0.83325	0.00705168
0.8335	0.006323922
0.83375	0.005540754
0.834	0.004716353
0.83425	0.003845153
0.8345	0.002943465
0.83475	0.002024688
0.835	0.001087657
0.83525	0.00013781
0.8355	-0.000808283
0.83575	-0.00174868
0.836	-0.002669657
0.83625	-0.003561118
0.8365	-0.004424421
0.83675	-0.005250634
0.837	-0.006028624
0.83725	-0.006746155
0.8375	-0.007407695
0.83775	-0.008006447
0.838	-0.008532054
0.83825	-0.008973513
0.8385	-0.009336648
0.83875	-0.009626638
0.839	-0.009838305
0.83925	-0.009964528
0.8395	-0.010002719
0.83975	-0.009948346
0.84	-0.009798819
0.84025	-0.009571617
0.8405	-0.00927127
0.84075	-0.008887422
0.841	-0.008420071
0.84125	-0.007881518
0.8415	-0.007278235
0.84175	-0.006611517
0.842	-0.005892885
0.84225	-0.005124152
0.8425	-0.004309849
0.84275	-0.003458651
0.843	-0.002581042
0.84325	-0.001683043
0.8435	-0.000765561
0.84375	0.000151999
0.844	0.001060018
0.84425	0.001962806
0.8445	0.002849801
0.84475	0.003709997
0.845	0.004529025
0.84525	0.005311351
0.8455	0.006047784
0.84575	0.00673062
0.846	0.007363031
0.84625	0.007919062
0.8465	0.008406478
0.84675	0.008821397
0.847	0.009159935
0.84725	0.009419502
0.8475	0.009585211
0.84775	0.009667418
0.848	0.009672596
0.84825	0.009603982
0.8485	0.009445394
0.84875	0.009198125
0.849	0.008876418
0.84925	0.008472503
0.8495	0.008004505
0.84975	0.00746401
0.85	0.006849076
0.85025	0.006186306
0.8505	0.005465214
0.85075	0.004701207
0.851	0.003913314
0.85125	0.003078362
0.8515	0.00220988
0.85175	0.001338939
0.852	0.00045621
0.85225	-0.000436707
0.8525	-0.001325346
0.85275	-0.00219907
0.853	-0.003048392
0.85325	-0.003866061
0.8535	-0.004648646
0.85375	-0.005394723
0.854	-0.006093224
0.85425	-0.006740977
0.8545	-0.007324193
0.85475	-0.007838797
0.855	-0.00828608
0.85525	-0.008656983
0.8555	-0.008955388
0.85575	-0.009178706
0.856	-0.009323702
0.85625	-0.0093839
0.8565	-0.009365129
0.85675	-0.009265445
0.857	-0.009077728
0.85725	-0.00881363
0.8575	-0.008477681
0.85775	-0.008073119
0.858	-0.00760059
0.85825	-0.007054917
0.8585	-0.006452734
0.85875	-0.005794236
0.859	-0.005079359
0.85925	-0.00432519
0.8595	-0.003542346
0.85975	-0.002724548
0.86	-0.001887266
0.86025	-0.001040146
0.8605	-0.000175463
0.86075	0.000688597
0.861	0.001544586
0.86125	0.002384392
0.8615	0.003198371
0.86175	0.003981798
0.862	0.004732924
0.86225	0.00543861
0.8625	0.00609769
0.86275	0.00670667
0.863	0.007252343
0.86325	0.007737818
0.8635	0.0081495
0.86375	0.008488685
0.864	0.008759904
0.86425	0.008952799
0.8645	0.009069313
0.86475	0.009101031
0.865	0.00905313
0.86525	0.008927554
0.8655	0.008721713
0.86575	0.008449847
0.866	0.008104837
0.86625	0.00768215
0.8665	0.007194734
0.86675	0.006645824
0.867	0.006042217
0.86725	0.00538825
0.8675	0.004689555
0.86775	0.003951504
0.868	0.003172156
0.86825	0.002372223
0.8685	0.00155928
0.86875	0.000727435
0.869	-0.000107711
0.86925	-0.000944928
0.8695	-0.001768422
0.86975	-0.002569455
0.87	-0.003353076
0.87025	-0.004109057
0.8705	-0.004822834
0.87075	-0.005488129
0.871	-0.006111802
0.87125	-0.006679483
0.8715	-0.007189555
0.87175	-0.007637486
0.872	-0.00801292
0.87225	-0.00832945
0.8725	-0.00856895
0.87275	-0.00872236
0.873	-0.008801978
0.87325	-0.008812982
0.8735	-0.008747605
0.87375	-0.008599373
0.874	-0.00837476
0.87425	-0.008089949
0.8745	-0.007734581
0.87475	-0.007301538
0.875	-0.006805707
0.87525	-0.006261198
0.8755	-0.005666913
0.87575	-0.005024597
0.876	-0.004331016
0.87625	-0.003596784
0.8765	-0.002843328
0.87675	-0.002064562
0.877	-0.001268707
0.87725	-0.000457621
0.8775	0.00035694
0.87775	0.001163391
0.878	0.001956592
0.87825	0.002728432
0.8785	0.003479752
0.87875	0.004194306
0.879	0.004866786
0.87925	0.005508195
0.8795	0.006099568
0.87975	0.00663482
0.88	0.007107995
0.88025	0.007515794
0.8805	0.007860157
0.88075	0.008140438
0.881	0.008352105
0.88125	0.008487391
0.8815	0.008541764
0.88175	0.008523639
0.882	0.008436254
0.88225	0.008276371
0.8825	0.00804399
0.88275	0.007735876
0.883	0.007364973
0.88325	0.006929341
0.8835	0.006433121
0.88375	0.005892238
0.884	0.005291803
0.88425	0.004643338
0.8845	0.003965745
0.88475	0.003252291
0.885	0.002506926
0.88525	0.001739099
0.8855	0.000964606
0.88575	0.00018237
0.886	-0.000602105
0.88625	-0.00137467
0.8865	-0.002145215
0.88675	-0.002891616
0.887	-0.00360494
0.88725	-0.004292049
0.8875	-0.004938442
0.88775	-0.005541595
0.888	-0.006091606
0.88825	-0.006587567
0.8885	-0.007025141
0.88875	-0.007401869
0.889	-0.007719046
0.88925	-0.007970846
0.8895	-0.008146911
0.88975	-0.008245301
0.89	-0.008281549
0.89025	-0.008242711
0.8905	-0.008128139
0.89075	-0.007957252
0.891	-0.007711926
0.89125	-0.007388923
0.8915	-0.007012842
0.89175	-0.006579799
0.892	-0.00607633
0.89225	-0.005524118
0.8925	-0.004932551
0.89275	-0.004302794
0.893	-0.003634263
0.89325	-0.002926311
0.8935	-0.002203148
0.89375	-0.001459401
0.894	-0.000699601
0.89425	5.47913E-05
0.8945	0.00080906
0.89475	0.001558309
0.895	0.002296748
0.89525	0.003018293
0.8955	0.003701064
0.89575	0.004347134
0.896	0.004960321
0.89625	0.00552962
0.8965	0.006053868
0.89675	0.006523484
0.897	0.00693193
0.89725	0.007276941
0.8975	0.007563047
0.89775	0.007776656
0.898	0.007922298
0.89825	0.008009684
0.8985	0.008020688
0.89875	0.007960489
0.899	0.007840091
0.89925	0.007643959
0.8995	0.007375977
0.89975	0.007048444
0.9	0.006663301
0.90025	0.006217506
0.9005	0.005719862
0.90075	0.005172829
0.901	0.004579967
0.90125	0.003955777
0.9015	0.003299868
0.90175	0.002610235
0.902	0.00189717
0.90225	0.001174137
0.9025	0.000442513
0.90275	-0.000291939
0.903	-0.001030436
0.90325	-0.001760655
0.9035	-0.002463751
0.90375	-0.003144387
0.904	-0.003803079
0.90425	-0.004427269
0.9045	-0.005002978
0.90475	-0.005532015
0.905	-0.006024934
0.90525	-0.006460825
0.9055	-0.00683354
0.90575	-0.007151365
0.906	-0.007401869
0.90625	-0.007590234
0.9065	-0.007722283
0.90675	-0.007776008
0.907	-0.007761768
0.90725	-0.007683445
0.9075	-0.007539744
0.90775	-0.007328077
0.908	-0.007052975
0.90825	-0.006721558
0.9085	-0.006331366
0.90875	-0.005882528
0.909	-0.005384302
0.90925	-0.004843289
0.9095	-0.004257418
0.90975	-0.003642678
0.91	-0.002996543
0.91025	-0.002317203
0.9105	-0.001624333
0.91075	-0.00092046
0.911	-0.000200922
0.91125	0.000509023
0.9115	0.001206243
0.91175	0.001903449
0.912	0.002587256
0.91225	0.003245171
0.9125	0.003868197
0.91275	0.004453032
0.913	0.005003107
0.91325	0.005513114
0.9135	0.005970237
0.91375	0.006371369
0.914	0.00672091
0.91425	0.00701349
0.9145	0.007241339
0.91475	0.007407048
0.915	0.007502848
0.91525	0.007531977
0.9155	0.00750479
0.91575	0.007414168
0.916	0.007251696
0.91625	0.00702061
0.9165	0.006737093
0.91675	0.006395837
0.917	0.005991922
0.91725	0.005539718
0.9175	0.005047641
0.91775	0.004513296
0.918	0.00393707
0.91825	0.003325825
0.9185	0.002691406
0.91875	0.002031679
0.919	0.001348131
0.91925	0.000659016
0.9195	-3.16795E-05
0.91975	-0.000719797
0.92	-0.001403216
0.92025	-0.002075436
0.9205	-0.002725131
0.92075	-0.003346732
0.921	-0.003947167
0.92125	-0.004507923
0.9215	-0.00502149
0.92175	-0.00549855
0.922	-0.005928616
0.92225	-0.006300036
0.9225	-0.006616695
0.92275	-0.006876262
0.923	-0.00706851
0.92325	-0.00720509
0.9235	-0.007291181
0.92375	-0.007306716
0.924	-0.007251696
0.92425	-0.007137771
0.9245	-0.006959117
0.92475	-0.0067235
0.925	-0.006429302
0.92525	-0.006078983
0.9255	-0.005684713
0.92575	-0.00523497
0.926	-0.004748783
0.92625	-0.004210877
0.9265	-0.003629926
0.92675	-0.00303577
0.927	-0.002410996
0.92725	-0.001765509
0.9275	-0.001105652
0.92775	-0.00043259
0.928	0.000242524
0.92825	0.000900005
0.9285	0.001550476
0.92875	0.002191562
0.929	0.002815558
0.92925	0.003422208
0.9295	0.003993579
0.92975	0.004524494
0.93	0.005013658
0.93025	0.00545913
0.9305	0.005855212
0.93075	0.006202035
0.931	0.006490472
0.93125	0.00672091
0.9315	0.006903449
0.93175	0.007026436
0.932	0.00707563
0.93225	0.007062684
0.9325	0.006994071
0.93275	0.006866553
0.933	0.006674305
0.93325	0.006428072
0.9335	0.006135622
0.93375	0.005782391
0.934	0.005375045
0.93425	0.00492459
0.9345	0.004425716
0.93475	0.003890917
0.935	0.003330162
0.93525	0.002742478
0.9355	0.00212735
0.93575	0.001486329
0.936	0.000851781
0.93625	0.000210411
0.9365	-0.000444164
0.93675	-0.001093936
0.937	-0.001731397
0.93725	-0.002342318
0.9375	-0.002932008
0.93775	-0.003503508
0.938	-0.004040314
0.93825	-0.004540353
0.9385	-0.005007185
0.93875	-0.005427735
0.939	-0.00579825
0.93925	-0.006112643
0.9395	-0.006371757
0.93975	-0.006577857
0.94	-0.006729325
0.94025	-0.006824478
0.9405	-0.006859432
0.94075	-0.00683613
0.941	-0.006751981
0.94125	-0.006608928
0.9415	-0.006401015
0.94175	-0.006143908
0.942	-0.005842719
0.94225	-0.005484633
0.9425	-0.005073986
0.94275	-0.004622948
0.943	-0.004132748
0.94325	-0.003612902
0.9435	-0.003066128
0.94375	-0.00248207
0.944	-0.001877622
0.94425	-0.001265794
0.9445	-0.000640393
0.94475	-5.20882E-06
0.945	0.000619123
0.94525	0.001237183
0.9455	0.00184914
0.94575	0.002444397
0.946	0.003013244
0.94625	0.003557105
0.9465	0.004073261
0.94675	0.004549415
0.947	0.0049833
0.94725	0.00536553
0.9475	0.005703938
0.94775	0.00600079
0.948	0.006245016
0.94825	0.006431244
0.9485	0.006559733
0.94875	0.00663482
0.949	0.006647118
0.94925	0.006597923
0.9495	0.006499534
0.94975	0.006341269
0.95	0.006127337
0.95025	0.005867511
0.9505	0.005553312
0.95075	0.00518105
0.951	0.004768461
0.95125	0.004319753
0.9515	0.003840169
0.95175	0.0033233
0.952	0.002769859
0.95225	0.002204831
0.9525	0.001623362
0.95275	0.001028429
0.953	0.000424855
0.95325	-0.000193051
0.9535	-0.000805111
0.95375	-0.001397778
0.954	-0.001984297
0.95425	-0.002558581
0.9545	-0.003105808
0.95475	-0.003618857
0.955	-0.004098959
0.95525	-0.004548314
0.9555	-0.004962845
0.95575	-0.005326692
0.956	-0.005635778
0.95625	-0.005903501
0.9565	-0.006119958
0.95675	-0.006280488
0.957	-0.006382891
0.95725	-0.006433509
0.9575	-0.006431697
0.95775	-0.006366773
0.958	-0.006252913
0.95825	-0.006094842
0.9585	-0.005876638
0.95875	-0.005603477
0.959	-0.005273484
0.95925	-0.004904847
0.9595	-0.004501903
0.95975	-0.004052871
0.96	-0.00357374
0.96025	-0.003060756
0.9605	-0.002527899
0.96075	-0.001969538
0.961	-0.001396031
0.96125	-0.000813138
0.9615	-0.000219273
0.96175	0.000372501
0.962	0.000960916
0.96225	0.001532481
0.9625	0.002098092
0.96275	0.002641435
0.963	0.003149759
0.96325	0.003643196
0.9635	0.004106533
0.96375	0.004527989
0.964	0.004908731
0.96425	0.005245585
0.9645	0.005542113
0.96475	0.005786728
0.965	0.005974445
0.96525	0.006120475
0.9655	0.006218282
0.96575	0.006255826
0.966	0.006225856
0.96625	0.006139053
0.9665	0.006015678
0.96675	0.005836958
0.967	0.005596357
0.96725	0.005314588
0.9675	0.004995145
0.96775	0.004632852
0.968	0.004223305
0.96825	0.003778675
0.9685	0.003304334
0.96875	0.00279601
0.969	0.002268979
0.96925	0.001726607
0.9695	0.00117323
0.96975	0.000603743
0.97	2.11693E-05
0.97025	-0.000547648
0.9705	-0.001110313
0.97075	-0.001673852
0.971	-0.002212923
0.97125	-0.002727008
0.9715	-0.003223487
0.97175	-0.003694203
0.972	-0.004127764
0.97225	-0.004520804
0.9725	-0.004885234
0.97275	-0.00519775
0.973	-0.005459712
0.97325	-0.005675133
0.9735	-0.005847056
0.97375	-0.005977293
0.974	-0.006044547
0.97425	-0.006052056
0.9745	-0.006008298
0.97475	-0.005918712
0.975	-0.005774105
0.97525	-0.005586
0.9755	-0.005350642
0.97575	-0.005060652
0.976	-0.004740692
0.97625	-0.004376974
0.9765	-0.003967493
0.97675	-0.003531083
0.977	-0.003062762
0.97725	-0.002562594
0.9775	-0.002045272
0.97775	-0.001511121
0.978	-0.000958003
0.97825	-0.000405663
0.9785	0.000142872
0.97875	0.000694164
0.979	0.001248641
0.97925	0.001782469
0.9795	0.002296489
0.97975	0.002795751
0.98	0.00326692
0.98025	0.003706048
0.9805	0.00411184
0.98075	0.004485332
0.981	0.004817785
0.98125	0.005109394
0.9815	0.005351613
0.98175	0.005552146
0.982	0.005706139
0.98225	0.005802263
0.9825	0.005859484
0.98275	0.005866216
0.983	0.005805241
0.98325	0.005698889
0.9835	0.005551111
0.98375	0.005350772
0.984	0.005100461
0.98425	0.004810794
0.9845	0.004477047
0.98475	0.004106274
0.985	0.003703071
0.98525	0.003262972
0.9855	0.002796722
0.98575	0.002305745
0.986	0.001799298
0.98625	0.001281977
0.9865	0.000752033
0.98675	0.000215324
0.987	-0.00032018
0.98725	-0.000851069
0.9875	-0.001374281
0.98775	-0.001891668
0.988	-0.002388147
0.98825	-0.002858798
0.9885	-0.003308218
0.98875	-0.00372961
0.989	-0.004123751
0.98925	-0.004474199
0.9895	-0.004770921
0.98975	-0.005031459
0.99	-0.005263451
0.99025	-0.00544709
0.9905	-0.005578945
0.99075	-0.005656103
0.991	-0.005689374
0.99125	-0.00566866
0.9915	-0.005593638
0.99175	-0.005480555
0.992	-0.00531763
0.99225	-0.005115867
0.9925	-0.004864585
0.99275	-0.004562296
0.993	-0.004226671
0.99325	-0.003860235
0.9935	-0.003464994
0.99375	-0.003038553
0.994	-0.002583243
0.99425	-0.002102493
0.9945	-0.001606144
0.99475	-0.001094713
0.995	-0.000570582
0.99525	-5.26585E-05
0.9955	0.000461887
0.99575	0.000976257
0.996	0.001489436
0.99625	0.001985138
0.9965	0.002462586
0.99675	0.002913883
0.997	0.003332686
0.99725	0.003727733
0.9975	0.004093263
0.99775	0.004425069
0.998	0.004709816
0.99825	0.004954236
0.9985	0.005160919
0.99875	0.0053153
0.999	0.005420809
0.99925	0.005486769
0.9995	0.005501528
0.99975	0.00546379