  ***** PARTICIPATION FACTOR CALCULATION *****  Z  DIRECTION
                                                                                  CUMULATIVE     RATIO EFF.MASS
  MODE   FREQUENCY       PERIOD      PARTIC.FACTOR     RATIO                                           EFFECTIVE MASS   MASS FRACTION   TO TOTAL MASS
     1     0.00000        0.0000       0.55555E-06    0.000000                                                                0.308639E-12    0.143606E-12    0.104846E-12
     2     0.00000        0.0000       0.40696E-06    0.000000                                                              0.165614E-12    0.220664E-12    0.562594E-13
     3     0.00000        0.0000        0.0000        0.000000       				0.00000        0.220664E-12     0.00000   


 
     4     13.8547       0.72178E-01    1.3908        1.000000     			1.93438        0.900043        0.657114    
     5     26.6421       0.37535E-01   0.90072E-07    0.000000    			0.811301E-14    0.900043        0.275601E-14



     6     42.6431       0.23450E-01    0.0000        0.000000     			0.00000        0.900043         0.00000    



     7     47.9643       0.20849E-01  -0.46350        0.333254    			0.214829         1.00000        0.729780E-01



     8     55.4172       0.18045E-01    0.0000        0.000000     			0.00000         1.00000         0.00000    
     9     76.7227       0.13034E-01    0.0000        0.000000    			 0.00000         1.00000         0.00000    




    10     77.8181       0.12850E-01    0.0000        0.000000    			 0.00000         1.00000         0.00000    
 -----------------------------------------------------------------------------------------------------------------
   sum                                                             2.14921                        0.730092    
 -----------------------------------------------------------------------------------------------------------------

























          ***** PARTICIPATION FACTOR CALCULATION *****  X  DIRECTION
                                                                                  CUMULATIVE     RATIO EFF.MASS
  MODE   FREQUENCY       PERIOD      PARTIC.FACTOR     RATIO    		EFFECTIVE MASS   MASS FRACTION   TO TOTAL MASS
     1     0.00000        0.0000      -0.39310E-01    0.027651    0.154524E-02    0.524923E-03    0.524923E-03
     2     0.00000        0.0000        1.4216        1.000000     2.02105        0.687082        0.686557    
     3     0.00000        0.0000      -0.95977        0.675113    0.921151         1.00000        0.312918    

     4     13.8547       0.72178E-01  -0.49791E-06    0.000000   		 0.247918E-12     1.00000        0.842185E-13

     5     26.6421       0.37535E-01   0.43513E-07    0.000000   		 0.189341E-14     1.00000        0.643197E-15

     6     42.6431       0.23450E-01  -0.54162E-07    0.000000    0.293357E-14     1.00000        0.996540E-15

     7     47.9643       0.20849E-01  -0.26419E-06    0.000000   		 0.697978E-13     1.00000        0.237105E-13

     8     55.4172       0.18045E-01  -0.79855E-07    0.000000    0.637686E-14     1.00000        0.216624E-14
     9     76.7227       0.13034E-01    0.0000        0.000000     0.00000         1.00000         0.00000    
    10     77.8181       0.12850E-01    0.0000        0.000000    		 0.00000         1.00000         0.00000   

 
 -----------------------------------------------------------------------------------------------------------------
   sum                                                             2.94375                         1.00000    
 -----------------------------------------------------------------------------------------------------------------



          ***** PARTICIPATION FACTOR CALCULATION *****  Y  DIRECTION
                                                                                  CUMULATIVE     RATIO EFF.MASS
  MODE   FREQUENCY       PERIOD      PARTIC.FACTOR     RATIO    		EFFECTIVE MASS   MASS FRACTION   TO TOTAL MASS
     1     0.00000        0.0000        1.5077        1.000000     2.27324        0.772225        0.772225    
     2     0.00000        0.0000       0.48641        0.322609    0.236590        0.852595        0.803704E-01
     3     0.00000        0.0000       0.65873        0.436901    0.433922         1.00000        0.147405    

     4     13.8547       0.72178E-01  -0.72528E-06    0.000000   		 0.526024E-12     1.00000        0.178692E-12


     5     26.6421       0.37535E-01  -0.45493E-07    0.000000    		0.206965E-14     1.00000        0.703065E-15

     6     42.6431       0.23450E-01  -0.16347E-06    0.000000    0.267231E-13     1.00000        0.907790E-1

     7     47.9643       0.20849E-01   0.32728E-07    0.000000    		0.107113E-14     1.00000        0.363866E-15

     8     55.4172       0.18045E-01    0.0000        0.000000     0.00000         1.00000         0.00000    
     9     76.7227       0.13034E-01    0.0000        0.000000     0.00000         1.00000         0.00000    



    10     77.8181       0.12850E-01    0.0000        0.000000   		  0.00000         1.00000         0.00000    
 -----------------------------------------------------------------------------------------------------------------
   sum                                                             2.94375                         1.00000    
 -----------------------------------------------------------------------------------------------------------------



        


          ***** PARTICIPATION FACTOR CALCULATION *****ROTX DIRECTION
                                                                                  CUMULATIVE     RATIO EFF.MASS
  MODE   FREQUENCY       PERIOD      PARTIC.FACTOR     RATIO    EFFECTIVE MASS   MASS FRACTION   TO TOTAL MASS
     1     0.00000        0.0000      -0.75370E-03    0.002063    0.568067E-06    0.312400E-05    0.214858E-05
     2     0.00000        0.0000      -0.24309E-03    0.000665    0.590915E-07    0.344896E-05    0.223500E-06
     3     0.00000        0.0000      -0.32936E-03    0.000902    0.108481E-06    0.404553E-05    0.410304E-06
     4     13.8547       0.72178E-01   0.36529        1.000000    0.133435        0.733810        0.504687    
     5     26.6421       0.37535E-01   0.23721E-07    0.000000    0.562707E-15    0.733810        0.212831E-14
     6     42.6431       0.23450E-01   0.17386        0.475966    0.302289E-01    0.900049        0.114334    
     7     47.9643       0.20849E-01  -0.12173        0.333254    0.148191E-01    0.981544        0.560498E-01
     8     55.4172       0.18045E-01    0.0000        0.000000     0.00000        0.981544         0.00000    
     9     76.7227       0.13034E-01  -0.57931E-01    0.158591    0.335603E-02     1.00000        0.126934E-01
    10     77.8181       0.12850E-01    0.0000        0.000000     0.00000         1.00000         0.00000    
 -----------------------------------------------------------------------------------------------------------------
   sum                                                            0.181840                        0.687767    
 -----------------------------------------------------------------------------------------------------------------



          ***** PARTICIPATION FACTOR CALCULATION *****ROTY DIRECTION
                                                                                  CUMULATIVE     RATIO EFF.MASS
  MODE   FREQUENCY       PERIOD      PARTIC.FACTOR     RATIO    EFFECTIVE MASS   MASS FRACTION   TO TOTAL MASS
     1     0.00000        0.0000      -0.19844E-04    0.000043    0.393780E-09    0.120410E-08    0.838761E-09
     2     0.00000        0.0000       0.71068E-03    0.001523    0.505072E-06    0.154561E-05    0.107582E-05
     3     0.00000        0.0000      -0.47989E-03    0.001028    0.230296E-06    0.224981E-05    0.490536E-06
     4     13.8547       0.72178E-01  -0.46672        1.000000    0.217826        0.666069        0.463974    
     5     26.6421       0.37535E-01  -0.26080        0.558794    0.680163E-01    0.874050        0.144876    
     6     42.6431       0.23450E-01    0.0000        0.000000     0.00000        0.874050         0.00000    
     7     47.9643       0.20849E-01   0.15554        0.333254    0.241914E-01    0.948022        0.515282E-01
     8     55.4172       0.18045E-01    0.0000        0.000000     0.00000        0.948022         0.00000    
     9     76.7227       0.13034E-01    0.0000        0.000000     0.00000        0.948022         0.00000    
    10     77.8181       0.12850E-01  -0.13038        0.279351    0.169985E-01     1.00000        0.362073E-01
 -----------------------------------------------------------------------------------------------------------------
   sum                                                            0.327033                        0.696588    
 -----------------------------------------------------------------------------------------------------------------



          ***** PARTICIPATION FACTOR CALCULATION *****ROTZ DIRECTION
                                                                                  CUMULATIVE     RATIO EFF.MASS
  MODE   FREQUENCY       PERIOD      PARTIC.FACTOR     RATIO    EFFECTIVE MASS   MASS FRACTION   TO TOTAL MASS
     1     0.00000        0.0000       0.30345        0.378789    0.920803E-01    0.125473        0.125473    
     2     0.00000        0.0000       0.53761E-02    0.006711    0.289024E-04    0.125512        0.393836E-04
     3     0.00000        0.0000       0.80110        1.000000    0.641758         1.00000        0.874488    
     4     13.8547       0.72178E-01  -0.85316E-07    0.000000    0.727890E-14     1.00000        0.991854E-14
     5     26.6421       0.37535E-01  -0.37142E-07    0.000000    0.137951E-14     1.00000        0.187978E-14
     6     42.6431       0.23450E-01  -0.35321E-07    0.000000    0.124759E-14     1.00000        0.170002E-14
     7     47.9643       0.20849E-01   0.85614E-07    0.000000    0.732981E-14     1.00000        0.998792E-14
     8     55.4172       0.18045E-01    0.0000        0.000000     0.00000         1.00000         0.00000    
     9     76.7227       0.13034E-01   0.23200E-07    0.000000    0.538260E-15     1.00000        0.733457E-15
    10     77.8181       0.12850E-01    0.0000        0.000000     0.00000         1.00000         0.00000    
 -----------------------------------------------------------------------------------------------------------------
   sum                                                            0.733867                         1.00000    
 -----------------------------------------------------------------------------------------------------------------





 *** NOTE ***                            CP =       5.719   TIME= 00:03:48
 The modes requested are mass normalized (Nrmkey on MODOPT).  However,   
 the modal masses and kinetic energies below are calculated with unit    
 normalized modes.                                                       

        ***** MODAL MASSES, KINETIC ENERGIES, AND TRANSLATIONAL EFFECTIVE MASSES SUMMARY *****

                                                                         EFFECTIVE MASS
  MODE  FREQUENCY   MODAL MASS     KENE      |      X-DIR      RATIO%   Y-DIR      RATIO%   Z-DIR      RATIO% 
     1   0.000       1.201       0.000       |    0.1545E-02    0.05   2.273       77.22  0.3086E-12    0.00
     2   0.000       1.762       0.000       |     2.021       68.66  0.2366        8.04  0.1656E-12    0.00
     3   0.000       1.414       0.000       |    0.9212       31.29  0.4339       14.74   0.000        0.00
     4   13.85      0.7362       2789.       |    0.2479E-12    0.00  0.5260E-12    0.00   1.934       65.71
     5   26.64      0.7365      0.1032E+05   |    0.1893E-14    0.00  0.2070E-14    0.00  0.8113E-14    0.00
     6   42.64      0.7366      0.2644E+05   |    0.2934E-14    0.00  0.2672E-13    0.00   0.000        0.00
     7   47.96      0.7362      0.3343E+05   |    0.6980E-13    0.00  0.1071E-14    0.00  0.2148        7.30
     8   55.42      0.7365      0.4465E+05   |    0.6377E-14    0.00   0.000        0.00   0.000        0.00
     9   76.72      0.7390      0.8586E+05   |     0.000        0.00   0.000        0.00   0.000        0.00
    10   77.82      0.7366      0.8805E+05   |     0.000        0.00   0.000        0.00   0.000        0.00
 --------------------------------------------------------------------------------------------------------------
   sum                                       |     2.944      100.00   2.944      100.00   2.149       73.01
 --------------------------------------------------------------------------------------------------------------
